dim,sample_points,num_reruns,mc_ans,mc_ans_std,mc_1000_time,mc_time_std,trap_ans,trap_ans_std,trap_1000_time,trap_time_std
1,100,100,2.718282,0.000000,110.491861,1.092228,2.709604,0.000000,1.259433,0.000092
2,100,100,1.235134,0.015173,0.756037,0.000121,1.234718,0.000000,1.546824,0.000017
3,100,100,1.070903,0.006314,0.807714,0.000007,1.066519,0.000000,2.580010,0.001004
4,100,100,1.025149,0.002850,1.094009,0.000089,1.022449,0.000000,2.155463,0.000033
5,100,100,1.009650,0.001673,0.970937,0.000009,1.006919,0.000000,2.534699,0.000332
6,100,100,1.004125,0.000733,1.034459,0.000013,1.002834,0.000000,2.785924,0.000016
7,128,100,1.001709,0.000356,1.102065,0.000008,1.001200,0.000000,3.075573,0.000015
8,256,100,1.000741,0.000143,1.196949,0.000267,1.000520,0.000000,3.367475,0.000015
9,512,100,1.000333,0.000045,1.232087,0.000006,1.000230,0.000000,3.659887,0.000022
10,1024,100,1.000150,0.000015,1.303710,0.000019,1.000103,0.000000,4.012735,0.000456
11,2048,100,1.000068,0.000006,1.370774,0.000022,1.000046,0.000000,4.337435,0.000056
12,4096,100,1.000031,0.000003,1.506824,0.000188,1.000021,0.000000,4.552054,0.000049
13,8192,100,1.000014,0.000001,1.493772,0.000010,1.000010,0.000000,4.813820,0.000024
14,16384,100,1.000007,0.000000,1.560773,0.000006,1.000005,0.000000,5.172212,0.000437
15,32768,100,1.000003,0.000000,1.638866,0.000046,1.000002,0.000000,5.396716,0.000020
16,65536,100,1.000001,0.000000,1.705468,0.000014,1.000001,0.000000,5.692423,0.000172
17,131072,100,1.000001,0.000000,1.856682,0.000008,1.000000,0.000000,5.914199,0.000063
18,262144,100,1.000000,0.000000,2.569581,0.000008,1.000000,0.000000,6.247489,0.000174
19,524288,100,1.000000,0.000000,4.616103,0.000023,1.000000,0.000000,6.498256,0.000152
20,1048576,100,1.000000,0.000000,9.145417,0.000033,1.000000,0.000000,6.767662,0.000145
21,2097152,100,1.000000,0.000000,18.739278,0.000071,1.000000,0.000000,7.945665,0.000151
22,4194304,100,1.000000,0.000000,38.344596,0.000261,1.000000,0.000000,10.532648,0.000199
23,8388608,100,1.000000,0.000000,81.050839,0.000254,1.000000,0.000000,15.588005,0.000235
24,16777216,100,1.000000,0.000000,162.059475,0.000295,1.000000,0.000000,25.928357,0.000251
25,33554432,100,1.000000,0.000000,357.466076,0.000481,1.000000,0.000000,49.162296,0.000117
