dim,sample_points,num_reruns,mc_ans,mc_ans_std,mc_1000_time,mc_time_std,trap_ans,trap_ans_std,trap_1000_time,trap_time_std
1,100,100,2.718282,0.000000,0.737805,0.000035,2.709604,0.000000,1.268407,0.000011
2,100,100,1.236266,0.017111,0.758507,0.000006,1.234718,0.000000,1.565633,0.000010
3,100,100,1.069932,0.006683,0.828013,0.000005,1.066519,0.000000,1.835027,0.000010
4,100,100,1.025852,0.002876,0.895226,0.000005,1.022449,0.000000,2.095931,0.000017
5,100,100,1.009629,0.001531,0.964286,0.000004,1.006919,0.000000,2.423967,0.000016
6,128,100,1.004139,0.000593,1.031701,0.000005,1.002834,0.000000,2.714014,0.000013
7,256,100,1.001710,0.000266,1.100097,0.000009,1.001200,0.000000,2.984283,0.000015
8,512,100,1.000732,0.000085,1.168859,0.000012,1.000520,0.000000,3.286790,0.000022
9,1024,100,1.000331,0.000029,1.237360,0.000009,1.000230,0.000000,3.607383,0.000025
10,2048,100,1.000149,0.000012,1.309944,0.000008,1.000103,0.000000,3.906674,0.000019
11,4096,100,1.000067,0.000004,1.375886,0.000006,1.000046,0.000000,4.181898,0.000017
12,8192,100,1.000031,0.000002,1.443094,0.000008,1.000021,0.000000,4.475130,0.000019
13,16384,100,1.000014,0.000001,1.508491,0.000008,1.000010,0.000000,4.763185,0.000068
14,32768,100,1.000007,0.000000,1.574853,0.000009,1.000005,0.000000,5.042592,0.000021
15,65536,100,1.000003,0.000000,1.645952,0.000012,1.000002,0.000000,5.320510,0.000021
16,131072,100,1.000001,0.000000,1.793385,0.000007,1.000001,0.000000,5.559554,0.000032
17,262144,100,1.000001,0.000000,2.450529,0.000008,1.000000,0.000000,5.946745,0.000135
18,524288,100,1.000000,0.000000,4.259476,0.000013,1.000000,0.000000,6.342026,0.000030
19,1048576,100,1.000000,0.000000,8.650165,0.000023,1.000000,0.000000,6.389598,0.000035
20,2097152,100,1.000000,0.000000,17.590474,0.000052,1.000000,0.000000,6.665621,0.000032
21,4194304,100,1.000000,0.000000,36.275093,0.000094,1.000000,0.000000,7.841680,0.000030
22,8388608,100,1.000000,0.000000,74.830398,0.000149,1.000000,0.000000,10.403885,0.000027
23,16777216,100,1.000000,0.000000,160.251455,0.000149,1.000000,0.000000,15.474616,0.000033
24,33554432,100,1.000000,0.000000,322.635365,0.000294,1.000000,0.000000,25.800074,0.000061
25,67108864,100,1.000000,0.000000,717.924629,0.035719,1.000000,0.000000,47.093016,0.000051
