dim,sample_points,num_reruns,mc_ans,mc_ans_std,mc_1000_time,mc_time_std,trap_ans,trap_ans_std,trap_1000_time,trap_time_std
1,100,100,2.718282,0.000000,0.712842,0.000030,2.709604,0.000000,1.264217,0.000010
2,100,100,1.237711,0.015592,0.756120,0.000006,1.234718,0.000000,1.561833,0.000010
3,100,100,1.071192,0.007339,0.825996,0.000005,1.066519,0.000000,1.831044,0.000016
4,100,100,1.025394,0.003049,0.892372,0.000005,1.022449,0.000000,2.092889,0.000012
5,100,100,1.009839,0.001576,0.963555,0.000007,1.006919,0.000000,2.423479,0.000012
6,192,100,1.003953,0.000520,1.031010,0.000005,1.002834,0.000000,2.711645,0.000017
7,384,100,1.001696,0.000182,1.099733,0.000006,1.001200,0.000000,2.998578,0.000060
8,768,100,1.000753,0.000070,1.165010,0.000007,1.000520,0.000000,3.274868,0.000018
9,1536,100,1.000335,0.000025,1.232867,0.000013,1.000230,0.000000,3.604782,0.000016
10,3072,100,1.000146,0.000009,1.303784,0.000007,1.000103,0.000000,3.993760,0.000098
11,6144,100,1.000068,0.000003,1.409425,0.000025,1.000046,0.000000,4.181853,0.000024
12,12288,100,1.000031,0.000001,1.437842,0.000012,1.000021,0.000000,4.468208,0.000021
13,24576,100,1.000014,0.000001,1.504078,0.000007,1.000010,0.000000,4.749768,0.000017
14,49152,100,1.000007,0.000000,1.569974,0.000007,1.000005,0.000000,5.036707,0.000020
15,98304,100,1.000003,0.000000,1.644178,0.000010,1.000002,0.000000,5.318807,0.000022
16,196608,100,1.000001,0.000000,2.021177,0.000007,1.000001,0.000000,5.555560,0.000058
17,393216,100,1.000001,0.000000,3.171667,0.000009,1.000000,0.000000,5.824608,0.000068
18,786432,100,1.000000,0.000000,6.089254,0.000063,1.000000,0.000000,6.138174,0.000142
19,1572864,100,1.000000,0.000000,12.675219,0.000036,1.000000,0.000000,6.392808,0.000030
20,3145728,100,1.000000,0.000000,25.743269,0.000072,1.000000,0.000000,6.665503,0.000021
21,6291456,100,1.000000,0.000000,53.525948,0.000100,1.000000,0.000000,7.838817,0.000028
22,12582912,100,1.000000,0.000000,111.333652,0.000167,1.000000,0.000000,10.408186,0.000030
23,25165824,100,1.000000,0.000000,240.318842,0.000195,1.000000,0.000000,15.447251,0.000034
24,50331648,100,1.000000,0.000000,485.546418,0.000501,1.000000,0.000000,26.069648,0.001151
25,100663296,100,1.000000,0.000000,1076.266240,0.031112,1.000000,0.000000,47.078755,0.000077
