dim,sample_points,num_reruns,mc_ans,mc_ans_std,mc_1000_time,mc_time_std,trap_ans,trap_ans_std,trap_1000_time,trap_time_std
1,100,100,2.718282,0.000000,0.790217,0.000082,2.709604,0.000000,1.248275,0.000032
2,100,100,1.232896,0.015148,0.741733,0.000007,1.234718,0.000000,1.533980,0.000016
3,100,100,1.070346,0.006937,0.810053,0.000006,1.066519,0.000000,1.796280,0.000012
4,100,100,1.025710,0.003180,0.877562,0.000011,1.022449,0.000000,2.056964,0.000016
5,128,100,1.009673,0.001436,0.944038,0.000008,1.006919,0.000000,2.383826,0.000019
6,256,100,1.004013,0.000465,1.012561,0.000005,1.002834,0.000000,2.675166,0.000065
7,512,100,1.001740,0.000176,1.081502,0.000010,1.001200,0.000000,2.948175,0.000020
8,1024,100,1.000748,0.000060,1.146266,0.000005,1.000520,0.000000,3.230890,0.000018
9,2048,100,1.000330,0.000021,1.212926,0.000006,1.000230,0.000000,3.551774,0.000024
10,4096,100,1.000148,0.000009,1.287016,0.000006,1.000103,0.000000,3.847938,0.000035
11,8192,100,1.000067,0.000003,1.351481,0.000007,1.000046,0.000000,4.127316,0.000020
12,16384,100,1.000031,0.000001,1.418152,0.000009,1.000021,0.000000,4.411348,0.000015
13,32768,100,1.000014,0.000000,1.486302,0.000006,1.000010,0.000000,5.544059,0.001620
14,65536,100,1.000007,0.000000,1.579806,0.000069,1.000005,0.000000,4.987804,0.000105
15,131072,100,1.000003,0.000000,1.672848,0.000012,1.000002,0.000000,5.195836,0.000039
16,262144,100,1.000001,0.000000,2.276772,0.000008,1.000001,0.000000,5.649961,0.000073
17,524288,100,1.000001,0.000000,3.935112,0.000010,1.000000,0.000000,6.731895,0.001975
18,1048576,100,1.000000,0.000000,7.827228,0.000029,1.000000,0.000000,6.081860,0.000153
19,2097152,100,1.000000,0.000000,16.534844,0.000055,1.000000,0.000000,6.349207,0.000026
20,4194304,100,1.000000,0.000000,33.794757,0.000091,1.000000,0.000000,6.612958,0.000066
21,8388608,100,1.000000,0.000000,70.535180,0.000126,1.000000,0.000000,7.801928,0.000031
22,16777216,100,1.000000,0.000000,147.274537,0.000170,1.000000,0.000000,10.366134,0.000071
23,33554432,100,1.000000,0.000000,318.624543,0.000205,1.000000,0.000000,15.417085,0.000062
24,67108864,100,1.000000,0.000000,644.458395,0.000362,1.000000,0.000000,25.728873,0.000034
