dim,sample_points,num_reruns,mc_ans,mc_ans_std,mc_1000_time,mc_time_std,trap_ans,trap_ans_std,trap_1000_time,trap_time_std
1,100,100,2.718282,0.000000,24.850084,0.240303,2.709604,0.000000,1.296691,0.000090
2,100,100,1.236217,0.016486,0.772648,0.000016,1.234718,0.000000,1.597725,0.000080
3,100,100,1.069413,0.007025,0.840313,0.000008,1.066519,0.000000,1.857256,0.000012
4,100,100,1.025623,0.003302,0.903520,0.000004,1.022449,0.000000,2.123172,0.000015
5,100,100,1.009676,0.001464,0.972086,0.000004,1.006919,0.000000,2.454538,0.000012
6,100,100,1.004100,0.000775,1.045596,0.000074,1.002834,0.000000,2.746784,0.000014
7,128,100,1.001701,0.000316,1.104154,0.000004,1.001200,0.000000,3.029798,0.000015
8,256,100,1.000750,0.000113,1.171397,0.000005,1.000520,0.000000,3.330284,0.000084
9,512,100,1.000329,0.000053,1.234805,0.000005,1.000230,0.000000,3.605312,0.000017
10,1024,100,1.000150,0.000017,1.301777,0.000009,1.000103,0.000000,3.904003,0.000082
11,2048,100,1.000067,0.000005,1.367095,0.000009,1.000046,0.000000,4.178114,0.000021
12,4096,100,1.000031,0.000003,1.433572,0.000009,1.000021,0.000000,4.477272,0.000091
13,8192,100,1.000014,0.000001,1.497158,0.000008,1.000010,0.000000,4.749135,0.000019
14,16384,100,1.000007,0.000000,1.574516,0.000079,1.000005,0.000000,5.040156,0.000039
15,32768,100,1.000003,0.000000,1.642031,0.000020,1.000002,0.000000,5.329064,0.000066
16,65536,100,1.000001,0.000000,1.710803,0.000013,1.000001,0.000000,5.664977,0.000841
17,131072,100,1.000001,0.000000,1.863129,0.000013,1.000000,0.000000,5.849532,0.000273
18,262144,100,1.000000,0.000000,2.581159,0.000011,1.000000,0.000000,6.141094,0.000068
19,524288,100,1.000000,0.000000,4.615362,0.000040,1.000000,0.000000,6.400985,0.000037
20,1048576,100,1.000000,0.000000,9.150850,0.000033,1.000000,0.000000,6.673407,0.000037
21,2097152,100,1.000000,0.000000,18.733126,0.000073,1.000000,0.000000,7.835278,0.000067
22,4194304,100,1.000000,0.000000,38.394370,0.000123,1.000000,0.000000,10.413152,0.000045
23,8388608,100,1.000000,0.000000,81.249558,0.000162,1.000000,0.000000,15.455274,0.000034
24,16777216,100,1.000000,0.000000,161.893047,0.000301,1.000000,0.000000,25.828146,0.000095
25,33554432,100,1.000000,0.000000,357.978480,0.000447,1.000000,0.000000,47.052884,0.000069
