dim,sample_points,num_reruns,mc_ans,mc_ans_std,mc_1000_time,mc_time_std,trap_ans,trap_ans_std,trap_1000_time,trap_time_std
1,100,100,2.718282,0.000000,0.930127,0.000053,2.709604,0.000000,1.611059,0.000030
2,100,100,1.235191,0.018190,0.971712,0.000014,1.234718,0.000000,1.993736,0.000026
3,100,100,1.070056,0.006362,1.083788,0.000022,1.066519,0.000000,2.384404,0.000048
4,100,100,1.025023,0.003119,1.190778,0.000025,1.022449,0.000000,2.734001,0.000065
5,100,100,1.009973,0.001454,1.281784,0.000017,1.006919,0.000000,3.190076,0.000035
6,64,100,1.004008,0.000894,1.382153,0.000018,1.002834,0.000000,3.594437,0.000048
7,128,100,1.001738,0.000309,1.488738,0.000024,1.001200,0.000000,3.983790,0.000038
8,256,100,1.000745,0.000129,1.588457,0.000019,1.000520,0.000000,4.391073,0.000053
9,512,100,1.000330,0.000038,1.697305,0.000040,1.000230,0.000000,4.789982,0.000049
10,1024,100,1.000149,0.000018,1.793471,0.000023,1.000103,0.000000,5.200371,0.000061
11,2048,100,1.000068,0.000006,1.916062,0.000156,1.000046,0.000000,5.598780,0.000085
12,4096,100,1.000031,0.000002,1.999392,0.000027,1.000021,0.000000,6.015595,0.000127
13,8192,100,1.000014,0.000001,2.151393,0.000170,1.000010,0.000000,6.537250,0.000417
14,16384,100,1.000007,0.000000,2.236861,0.000078,1.000005,0.000000,6.766519,0.000109
15,32768,100,1.000003,0.000000,2.307832,0.000027,1.000002,0.000000,7.141498,0.000048
16,65536,100,1.000001,0.000000,2.418614,0.000038,1.000001,0.000000,7.602470,0.000137
17,131072,100,1.000001,0.000000,2.534723,0.000031,1.000000,0.000000,7.949212,0.000069
18,262144,100,1.000000,0.000000,2.872232,0.000023,1.000000,0.000000,8.358206,0.000160
19,524288,100,1.000000,0.000000,4.689944,0.000015,1.000000,0.000000,8.725776,0.000073
20,1048576,100,1.000000,0.000000,9.224772,0.000026,1.000000,0.000000,9.103088,0.000075
21,2097152,100,1.000000,0.000000,18.818799,0.000056,1.000000,0.000000,9.643430,0.000072
22,4194304,100,1.000000,0.000000,38.389515,0.000192,1.000000,0.000000,12.202506,0.000058
23,8388608,100,1.000000,0.000000,81.118790,0.000116,1.000000,0.000000,17.475525,0.000211
24,16777216,100,1.000000,0.000000,162.077288,0.000221,1.000000,0.000000,27.729902,0.000169
25,33554432,100,1.000000,0.000000,357.435922,0.000320,1.000000,0.000000,49.067276,0.000136
