2.787934839725494385e-01 4.994462966918945312e+01 1.997445451706880704e-06
1.522596180438995361e-01 4.996773147583007812e+01 4.392484811432950664e-07
7.571288198232650757e-02 4.998303222656250000e+01 5.673398106864624424e-08
4.006216302514076233e-02 4.999142456054687500e+01 2.123067410764178931e-08
3.296924382448196411e-02 4.999490737915039062e+01 2.128562215375495725e-08
3.491699695587158203e-02 4.999545288085937500e+01 1.383282199896029852e-08
4.200818762183189392e-02 4.999415588378906250e+01 2.242877172875523684e-08
5.073190480470657349e-02 4.999173736572265625e+01 5.304183048338018125e-08
5.710163339972496033e-02 4.998937225341796875e+01 8.792881089902948588e-08
6.239190697669982910e-02 4.998685455322265625e+01 9.863842365120945033e-08
6.695706397294998169e-02 4.998522186279296875e+01 8.732938283628755016e-08
6.741195172071456909e-02 4.998417282104492188e+01 6.067867985848351964e-08
6.970501691102981567e-02 4.998371124267578125e+01 3.490724509447318269e-08
6.700880080461502075e-02 4.998344421386718750e+01 2.218486727656454605e-08
7.037014514207839966e-02 4.998406219482421875e+01 2.510666696764474182e-08
6.740348041057586670e-02 4.998503112792968750e+01 3.827830497016293521e-08
6.501712650060653687e-02 4.998657226562500000e+01 4.595707636667611951e-08
5.787799507379531860e-02 4.998805618286132812e+01 5.277565762185076892e-08
5.284190177917480469e-02 4.998985290527343750e+01 5.086611309934596648e-08
4.410539567470550537e-02 4.999170303344726562e+01 4.212455806396064872e-08
3.489775210618972778e-02 4.999351119995117188e+01 2.906421947557191743e-08
2.726978622376918793e-02 4.999525070190429688e+01 1.806926519520857255e-08
1.860854402184486389e-02 4.999674987792968750e+01 9.277280277331101388e-09
1.180395949631929398e-02 4.999797058105468750e+01 3.755879163236386376e-09
7.252007722854614258e-03 4.999872589111328125e+01 1.337856603278453349e-09
4.921453073620796204e-03 4.999907684326171875e+01 7.144077551757277433e-10
4.963356070220470428e-03 4.999895095825195312e+01 8.875369883476480481e-10
7.308505009859800339e-03 4.999842071533203125e+01 1.287370876568161293e-09
1.163677126169204712e-02 4.999747848510742188e+01 2.163148327127828452e-09
1.724411919713020325e-02 4.999619293212890625e+01 4.006878384643641766e-09
2.543481998145580292e-02 4.999473190307617188e+01 8.004553464502350835e-09
3.143417090177536011e-02 4.999338150024414062e+01 1.504796642848305055e-08
3.869967907667160034e-02 4.999213409423828125e+01 2.214217786900007923e-08
4.512150585651397705e-02 4.999046325683593750e+01 3.046497809577886073e-08
4.984219372272491455e-02 4.998979187011718750e+01 3.846815488373067637e-08
5.175239965319633484e-02 4.998909378051757812e+01 4.588389046489282919e-08
5.368256568908691406e-02 4.998867416381835938e+01 4.704902423213752627e-08
5.343709141016006470e-02 4.998890304565429688e+01 4.380504492473846767e-08
5.035202950239181519e-02 4.998928451538085938e+01 3.747486587712955952e-08
4.446804150938987732e-02 4.998986816406250000e+01 2.798068798881558905e-08
4.049237072467803955e-02 4.999080657958984375e+01 2.073862859219843813e-08
3.582548350095748901e-02 4.999175262451171875e+01 1.247878422816484090e-08
2.967458590865135193e-02 4.999287414550781250e+01 6.734858892798456509e-09
2.571001835167407990e-02 4.999412155151367188e+01 3.165046891240308469e-09
2.102120593190193176e-02 4.999480438232421875e+01 1.741756960882412386e-09
1.712442375719547272e-02 4.999584960937500000e+01 1.461963994309201098e-09
1.410829089581966400e-02 4.999671554565429688e+01 1.656213832745834225e-09
1.217809692025184631e-02 4.999738693237304688e+01 2.097560125591257929e-09
1.088465377688407898e-02 4.999793243408203125e+01 2.146783195655643794e-09
9.976680390536785126e-03 4.999831390380859375e+01 2.027237488988475889e-09
9.561815299093723297e-03 4.999862289428710938e+01 1.474705246806706782e-09
9.500983171164989471e-03 4.999877166748046875e+01 1.000742044787727991e-09
9.586539119482040405e-03 4.999882507324218750e+01 6.769019789132357801e-10
9.777703322470188141e-03 4.999877929687500000e+01 6.972261101800825145e-10
1.038269512355327606e-02 4.999856567382812500e+01 1.106310265619470101e-09
1.109000574797391891e-02 4.999835968017578125e+01 1.922856318614662996e-09
1.209061592817306519e-02 4.999804687500000000e+01 2.819081856841876288e-09
1.306979730725288391e-02 4.999763488769531250e+01 4.115594087750196195e-09
1.440709829330444336e-02 4.999724960327148438e+01 5.097794186781356984e-09
1.559854764491319656e-02 4.999676513671875000e+01 5.602008634753019578e-09
1.715017110109329224e-02 4.999633026123046875e+01 5.992538909538325242e-09
1.872895285487174988e-02 4.999589538574218750e+01 5.681517034616945239e-09
1.956632733345031738e-02 4.999542236328125000e+01 5.118704127227147183e-09
2.112876065075397491e-02 4.999505615234375000e+01 4.313255086429990115e-09
2.287052571773529053e-02 4.999473571777343750e+01 3.391390501761293308e-09
2.452529221773147583e-02 4.999419403076171875e+01 2.737163162791489412e-09
2.519701048731803894e-02 4.999409484863281250e+01 2.337221083337226446e-09
2.568723633885383606e-02 4.999366378784179688e+01 2.546357791288755834e-09
2.712085843086242676e-02 4.999367523193359375e+01 3.259540637401414642e-09
2.716051600873470306e-02 4.999362182617187500e+01 4.389887564570926770e-09
2.797016687691211700e-02 4.999358749389648438e+01 5.964025273641482272e-09
2.814587764441967010e-02 4.999359512329101562e+01 7.407244595469819615e-09
2.745951525866985321e-02 4.999382019042968750e+01 9.373245291044440819e-09
2.706340514123439789e-02 4.999412155151367188e+01 1.013864814325415864e-08
2.670024335384368896e-02 4.999436187744140625e+01 1.121643045109976811e-08
2.495940960943698883e-02 4.999481201171875000e+01 1.116002490419987225e-08
2.256832271814346313e-02 4.999531173706054688e+01 1.026139884174881445e-08
2.022657543420791626e-02 4.999569702148437500e+01 8.764033943009508221e-09
1.750223152339458466e-02 4.999628448486328125e+01 7.689147096812121163e-09
1.501868199557065964e-02 4.999680328369140625e+01 6.000299812569664937e-09
1.210587751120328903e-02 4.999739837646484375e+01 4.304325784687534906e-09
9.615727700293064117e-03 4.999794387817382812e+01 2.875655713552305315e-09
7.020470686256885529e-03 4.999842834472656250e+01 1.716297215459405834e-09
4.866086877882480621e-03 4.999891281127929688e+01 9.419518498532397643e-10
3.212030511349439621e-03 4.999927520751953125e+01 4.205586434657959671e-10
1.864851801656186581e-03 4.999956130981445312e+01 1.557047824007895542e-10
1.036811969242990017e-03 4.999975204467773438e+01 4.187613450445937247e-11
7.784033077768981457e-04 4.999984359741210938e+01 1.283353111281027026e-11
9.705334086902439594e-04 4.999983978271484375e+01 2.262199282065946448e-11
1.568078645505011082e-03 4.999974060058593750e+01 5.688439996820449096e-11
2.635983517393469810e-03 4.999956130981445312e+01 1.362003981819626119e-10
3.996688872575759888e-03 4.999929046630859375e+01 2.915472030462495923e-10
5.791987292468547821e-03 4.999897384643554688e+01 5.696422222811747815e-10
7.455088198184967041e-03 4.999859619140625000e+01 1.012947947742759425e-09
9.193116798996925354e-03 4.999820327758789062e+01 1.650723668866760363e-09
1.100747659802436829e-02 4.999773025512695312e+01 2.486157502090691196e-09
1.309385802596807480e-02 4.999738311767578125e+01 3.658771952075312583e-09
1.476824562996625900e-02 4.999695587158203125e+01 4.487993976454163203e-09
1.636834815144538879e-02 4.999663543701171875e+01 5.356246113308316126e-09
1.717517711222171783e-02 4.999620819091796875e+01 6.387236961558073745e-09
1.891149207949638367e-02 4.999607849121093750e+01 6.800326524114552740e-09
1.900841109454631805e-02 4.999578094482421875e+01 7.047287642336641511e-09
1.875952631235122681e-02 4.999569702148437500e+01 6.863287271841045367e-09
1.880752481520175934e-02 4.999567413330078125e+01 6.779596439798751817e-09
1.905979216098785400e-02 4.999566650390625000e+01 6.122998108537558437e-09
1.779459789395332336e-02 4.999569702148437500e+01 5.143604653312650044e-09
1.755913347005844116e-02 4.999584960937500000e+01 4.097644001888056664e-09
1.597587391734123230e-02 4.999583816528320312e+01 3.349367228011601583e-09
1.560438703745603561e-02 4.999606323242187500e+01 2.566387102831413358e-09
1.471974514424800873e-02 4.999629211425781250e+01 1.950333672340320845e-09
1.365751679986715317e-02 4.999655914306640625e+01 1.555074957693136639e-09
1.305568218231201172e-02 4.999670410156250000e+01 1.371675661943072555e-09
1.214370317757129669e-02 4.999701690673828125e+01 1.258512405399869749e-09
1.151989586651325226e-02 4.999723815917968750e+01 1.246981851110717798e-09
1.089790929108858109e-02 4.999750137329101562e+01 1.253069648043947382e-09
9.955265559256076813e-03 4.999774932861328125e+01 1.284671702350692613e-09
9.311264380812644958e-03 4.999796295166015625e+01 1.298342766631321865e-09
8.863246999680995941e-03 4.999822616577148438e+01 1.265910487546761942e-09
7.849616929888725281e-03 4.999849319458007812e+01 1.133154237109579299e-09
7.204944267868995667e-03 4.999870300292968750e+01 9.433344105858054718e-10
6.411754991859197617e-03 4.999888992309570312e+01 8.078691049462349838e-10
5.574160721153020859e-03 4.999908447265625000e+01 6.225572279916491425e-10
5.075111519545316696e-03 4.999921798706054688e+01 4.243971840622862146e-10
4.331488162279129028e-03 4.999935531616210938e+01 2.867633630554422552e-10
3.811925183981657028e-03 4.999944686889648438e+01 1.937912330607360900e-10
3.317270893603563309e-03 4.999951171875000000e+01 1.341856625813875326e-10
3.085403703153133392e-03 4.999953842163085938e+01 1.219889189663092566e-10
2.865762915462255478e-03 4.999953460693359375e+01 1.545496230992426945e-10
2.774474676698446274e-03 4.999949645996093750e+01 2.119877606787667901e-10
2.841595793142914772e-03 4.999943542480468750e+01 2.819127986608549463e-10
3.025889396667480469e-03 4.999934387207031250e+01 3.527678704706715962e-10
3.484131302684545517e-03 4.999923324584960938e+01 4.260784225440517048e-10
3.689882811158895493e-03 4.999909973144531250e+01 4.713454071492151343e-10
4.230383783578872681e-03 4.999896621704101562e+01 5.140574077522330754e-10
4.674621857702732086e-03 4.999877929687500000e+01 5.254182644520710710e-10
5.297123920172452927e-03 4.999862670898437500e+01 5.603897346162511894e-10
6.093678064644336700e-03 4.999843597412109375e+01 5.467836183825625085e-10
7.124695926904678345e-03 4.999825286865234375e+01 5.893499022135983978e-10
7.881919853389263153e-03 4.999813079833984375e+01 6.580915257181629840e-10
8.774047717452049255e-03 4.999793243408203125e+01 7.474578733734915659e-10
9.957334026694297791e-03 4.999772644042968750e+01 9.377721932324334375e-10
1.089240610599517822e-02 4.999761962890625000e+01 1.057956389161063271e-09
1.140738371759653091e-02 4.999745178222656250e+01 1.359477308504608573e-09
1.187300495803356171e-02 4.999731063842773438e+01 1.575923169738757679e-09
1.283134985715150833e-02 4.999724578857421875e+01 1.905602120544358513e-09
1.304640527814626694e-02 4.999720001220703125e+01 2.217966477147115256e-09
1.306459587067365646e-02 4.999716949462890625e+01 2.414937583239407104e-09
1.300607062876224518e-02 4.999724578857421875e+01 2.472570148626118680e-09
1.259485725313425064e-02 4.999720764160156250e+01 2.504200180553084465e-09
1.215834729373455048e-02 4.999729156494140625e+01 2.434933144002116023e-09
1.140583679080009460e-02 4.999744033813476562e+01 2.198853321644378411e-09
1.078995224088430405e-02 4.999758911132812500e+01 2.052723546697166057e-09
1.010856498032808304e-02 4.999774551391601562e+01 1.701538798748458703e-09
8.813448250293731689e-03 4.999794769287109375e+01 1.424345530409709681e-09
7.459591142833232880e-03 4.999815368652343750e+01 1.094496271392131348e-09
6.920943036675453186e-03 4.999840545654296875e+01 8.126838091371269002e-10
5.737696308642625809e-03 4.999859619140625000e+01 5.733246100092515007e-10
4.730002488940954208e-03 4.999882507324218750e+01 4.067919057160196417e-10
3.907795064151287079e-03 4.999900817871093750e+01 2.749725447337425521e-10
3.297157119959592819e-03 4.999917984008789062e+01 1.717301995052267216e-10
2.653117990121245384e-03 4.999936676025390625e+01 1.207076383291649790e-10
2.081455430015921593e-03 4.999950408935546875e+01 8.570491538684166244e-11
1.712968805804848671e-03 4.999961853027343750e+01 6.548948189299963474e-11
1.478664344176650047e-03 4.999971389770507812e+01 5.239307945825721902e-11
1.308977487497031689e-03 4.999977493286132812e+01 3.864152053889569061e-11
1.329052727669477463e-03 4.999980926513671875e+01 2.528873811746823463e-11
1.394829945638775826e-03 4.999982833862304688e+01 1.552034716023609207e-11
1.570533262565732002e-03 4.999981307983398438e+01 1.120966947737445096e-11
1.826220657676458359e-03 4.999977111816406250e+01 1.909646919762142403e-11
2.112248912453651428e-03 4.999971771240234375e+01 4.137038281393223826e-11
2.539479639381170273e-03 4.999964141845703125e+01 8.878026092062896168e-11
2.899568295106291771e-03 4.999954986572265625e+01 1.564699342315734043e-10
3.368557896465063095e-03 4.999945831298828125e+01 2.257449643883191470e-10
3.670319681987166405e-03 4.999935531616210938e+01 3.139941084917552416e-10
4.066063091158866882e-03 4.999923706054687500e+01 3.876201304375825885e-10
4.386916290968656540e-03 4.999912643432617188e+01 4.785252194494660216e-10
4.803334828466176987e-03 4.999901580810546875e+01 5.317912221691756258e-10
4.984999075531959534e-03 4.999891281127929688e+01 5.765280475245049274e-10
5.404335912317037582e-03 4.999878692626953125e+01 5.853809659228659257e-10
5.503091495484113693e-03 4.999868774414062500e+01 5.507229117185374889e-10
6.090654991567134857e-03 4.999861907958984375e+01 5.087430476891086073e-10
5.835142917931079865e-03 4.999851989746093750e+01 4.607020875901923773e-10
6.341660395264625549e-03 4.999847030639648438e+01 4.026315392202661769e-10
6.473378743976354599e-03 4.999838256835937500e+01 3.603175535715763544e-10
6.620184052735567093e-03 4.999832153320312500e+01 3.100683043655294568e-10
6.624909583479166031e-03 4.999831390380859375e+01 2.931522802285257967e-10
6.917965598404407501e-03 4.999830245971679688e+01 2.729480808039141948e-10
7.058107294142246246e-03 4.999826431274414062e+01 2.899334106132300803e-10
7.024044636636972427e-03 4.999831771850585938e+01 3.053164387978313243e-10
7.243017200380563736e-03 4.999827957153320312e+01 3.632193990021903574e-10
7.116612978279590607e-03 4.999832916259765625e+01 4.029755973355975129e-10
7.052169181406497955e-03 4.999835968017578125e+01 4.658553542924437352e-10
6.757973227649927139e-03 4.999843597412109375e+01 4.853210611166502986e-10
6.666153669357299805e-03 4.999849700927734375e+01 5.218416254670898979e-10
6.559698842465877533e-03 4.999860382080078125e+01 5.473338449135667361e-10
6.223558448255062103e-03 4.999869537353515625e+01 5.143950265740215855e-10
5.602204240858554840e-03 4.999879837036132812e+01 5.162754668219804444e-10
5.090749356895685196e-03 4.999888992309570312e+01 4.894929461762842493e-10
4.877441097050905228e-03 4.999898529052734375e+01 4.471381598314394523e-10
4.234435036778450012e-03 4.999912643432617188e+01 3.967694783835185035e-10
3.771095769479870796e-03 4.999922180175781250e+01 3.353926303351073557e-10
3.264043247327208519e-03 4.999932861328125000e+01 2.810099375416541534e-10
2.760456642135977745e-03 4.999942016601562500e+01 2.233164625442540796e-10
2.340559847652912140e-03 4.999951934814453125e+01 1.692157108879044358e-10
1.855640904977917671e-03 4.999961471557617188e+01 1.210003069962439781e-10
1.431425800547003746e-03 4.999969482421875000e+01 7.841693266952276531e-11
1.109742093831300735e-03 4.999976348876953125e+01 4.911272083463202875e-11
8.265869691967964172e-04 4.999981307983398438e+01 2.647681032752480235e-11
6.319964886642992496e-04 4.999985122680664062e+01 1.351233014368347085e-11
4.902811488136649132e-04 4.999988174438476562e+01 7.817147103239552308e-12
4.307432973291724920e-04 4.999988937377929688e+01 6.790132692224837285e-12
4.578203952405601740e-04 4.999988555908203125e+01 9.667169842408895875e-12
5.508601898327469826e-04 4.999986648559570312e+01 1.460615829673717059e-11
7.748890202492475510e-04 4.999982452392578125e+01 2.093783479928390534e-11
1.008835854008793831e-03 4.999977111816406250e+01 2.785431260643456142e-11
1.356833032332360744e-03 4.999970245361328125e+01 3.934337231004114699e-11
1.774063333868980408e-03 4.999961471557617188e+01 5.541977293743727273e-11
2.221397589892148972e-03 4.999952316284179688e+01 8.036781656839409038e-11
2.801591763272881508e-03 4.999944305419921875e+01 1.092988269335570806e-10
3.225701861083507538e-03 4.999933242797851562e+01 1.595095999729068126e-10
3.610927145928144455e-03 4.999922943115234375e+01 2.061156662014340668e-10
4.009265452623367310e-03 4.999915313720703125e+01 2.582490610247845098e-10
4.352373071014881134e-03 4.999903869628906250e+01 3.400027481781364713e-10
4.669975023716688156e-03 4.999896621704101562e+01 3.877960730314100601e-10
5.015658214688301086e-03 4.999890899658203125e+01 4.457045288397409877e-10
5.096077453345060349e-03 4.999883270263671875e+01 4.729591718266590306e-10
5.235052667558193207e-03 4.999879455566406250e+01 5.053557017298260234e-10
5.254927091300487518e-03 4.999874114990234375e+01 5.298639305095775853e-10
5.175397265702486038e-03 4.999875640869140625e+01 5.258835589216914741e-10
5.312476307153701782e-03 4.999874877929687500e+01 5.078027998095535622e-10
4.972571041435003281e-03 4.999877929687500000e+01 4.586467872158550563e-10
4.682753235101699829e-03 4.999879837036132812e+01 4.306741074877606934e-10
4.483376163989305496e-03 4.999880218505859375e+01 3.759956790361229650e-10
4.565361887216567993e-03 4.999884796142578125e+01 3.079821953022587877e-10
4.222200717777013779e-03 4.999895095825195312e+01 2.817002187072148445e-10
3.863225691020488739e-03 4.999898910522460938e+01 2.357905259930959119e-10
3.743968904018402100e-03 4.999902725219726562e+01 2.067549742523766554e-10
3.465100191533565521e-03 4.999912261962890625e+01 1.802101107228892829e-10
3.225157270208001137e-03 4.999921798706054688e+01 1.490277623528157847e-10
3.057425608858466148e-03 4.999928283691406250e+01 1.274698402387031138e-10
2.717830240726470947e-03 4.999935531616210938e+01 1.149046274795395561e-10
2.502396004274487495e-03 4.999942398071289062e+01 1.012898515062587990e-10
2.285751979798078537e-03 4.999950408935546875e+01 8.986075772376977966e-11
2.042530104517936707e-03 4.999956512451171875e+01 7.717278205365829535e-11
1.879008952528238297e-03 4.999962615966796875e+01 6.831110677119056618e-11
1.711845630779862404e-03 4.999967575073242188e+01 5.621158746804688633e-11
1.532083493657410145e-03 4.999972915649414062e+01 4.553559959652453415e-11
1.408625161275267601e-03 4.999977111816406250e+01 3.619763863649261282e-11
1.302602700889110565e-03 4.999980545043945312e+01 2.755554291689055191e-11
1.179035520181059837e-03 4.999983978271484375e+01 1.965292338590440835e-11
1.075923675671219826e-03 4.999985504150390625e+01 1.402718566301253134e-11
9.847121546044945717e-04 4.999986648559570312e+01 1.088411305527614559e-11
8.972705109044909477e-04 4.999987030029296875e+01 1.059754714538563292e-11
8.399301441386342049e-04 4.999986648559570312e+01 1.237342346638303781e-11
7.967373821884393692e-04 4.999985504150390625e+01 1.540000418853715303e-11
7.965112454257905483e-04 4.999984741210937500e+01 1.976124472391482811e-11
8.150339126586914062e-04 4.999982452392578125e+01 2.577145788440482477e-11
8.523954311385750771e-04 4.999979019165039062e+01 3.166884463001728989e-11
9.201796492561697960e-04 4.999975204467773438e+01 3.837268697237661286e-11
1.089316792786121368e-03 4.999969863891601562e+01 4.592029187455715089e-11
1.292727771215140820e-03 4.999966049194335938e+01 5.804735511705239048e-11
1.475839642807841301e-03 4.999960327148437500e+01 6.474338426487591391e-11
1.741257961839437485e-03 4.999956130981445312e+01 7.085237258008802996e-11
2.013367600739002228e-03 4.999950027465820312e+01 8.492498371204248997e-11
2.122509758919477463e-03 4.999945068359375000e+01 9.204018103226019321e-11
2.442354103550314903e-03 4.999940490722656250e+01 1.066542965055816694e-10
2.720758318901062012e-03 4.999933242797851562e+01 1.153461492986451731e-10
2.981678582727909088e-03 4.999930572509765625e+01 1.222200257666727907e-10
3.187003312632441521e-03 4.999927902221679688e+01 1.284495843023591988e-10
3.373247804120182991e-03 4.999923324584960938e+01 1.341446259628398252e-10
3.546973224729299545e-03 4.999921417236328125e+01 1.407385458174204018e-10
3.506703302264213562e-03 4.999920654296875000e+01 1.414812988986824394e-10
3.495887154713273048e-03 4.999920654296875000e+01 1.417737871545199368e-10
3.547659143805503845e-03 4.999920272827148438e+01 1.421008727353623158e-10
3.567975014448165894e-03 4.999921798706054688e+01 1.400385640781820484e-10
3.346394281834363937e-03 4.999923706054687500e+01 1.491805706743676296e-10
3.342089010402560234e-03 4.999925231933593750e+01 1.447957725941861895e-10
3.171584103256464005e-03 4.999928283691406250e+01 1.428463874963981084e-10
2.980049001052975655e-03 4.999933242797851562e+01 1.408758665277787259e-10
2.842834917828440666e-03 4.999935913085937500e+01 1.322470466469383155e-10
2.447266364470124245e-03 4.999940872192382812e+01 1.176075625775041544e-10
2.246564952656626701e-03 4.999945831298828125e+01 1.038514829687642305e-10
1.981257926672697067e-03 4.999952316284179688e+01 9.097668451918394794e-11
1.794420648366212845e-03 4.999957656860351562e+01 7.293946696629305393e-11
1.561955898068845272e-03 4.999963378906250000e+01 5.851970297232611529e-11
1.245867228135466576e-03 4.999967575073242188e+01 4.443084788974260846e-11
1.026400132104754448e-03 4.999973297119140625e+01 3.348260904645350422e-11
7.952307350933551788e-04 4.999979019165039062e+01 2.296502918386345016e-11
6.677111377939581871e-04 4.999982833862304688e+01 1.536485522146691096e-11
5.089189507998526096e-04 4.999986648559570312e+01 1.097981341263709609e-11
4.382903862278908491e-04 4.999990081787109375e+01 7.438012011862227268e-12
3.758576640393584967e-04 4.999992370605468750e+01 4.806403539059367347e-12
3.490273957140743732e-04 4.999994277954101562e+01 3.032571806518835622e-12
3.711775352712720633e-04 4.999995422363281250e+01 1.784702268782523138e-12
4.165956343058496714e-04 4.999995422363281250e+01 1.054119356906635385e-12
4.854539874941110611e-04 4.999994277954101562e+01 1.257467762728892158e-12
5.713062128052115440e-04 4.999992752075195312e+01 2.484699728952377562e-12
6.660741055384278297e-04 4.999990844726562500e+01 5.185079796077296521e-12
7.610136526636779308e-04 4.999988555908203125e+01 9.205385585742131838e-12
8.800397044979035854e-04 4.999985504150390625e+01 1.431446801369862243e-11
9.594566654413938522e-04 4.999982833862304688e+01 2.187659775554351427e-11
1.125087146647274494e-03 4.999980163574218750e+01 2.778252627955168919e-11
1.183957327157258987e-03 4.999976348876953125e+01 3.508675988639353704e-11
1.319896196946501732e-03 4.999972534179687500e+01 4.286843796608152957e-11
1.410806784406304359e-03 4.999969482421875000e+01 4.679737153345797651e-11
1.473102602176368237e-03 4.999964904785156250e+01 5.158972554708540770e-11
1.641777111217379570e-03 4.999962234497070312e+01 5.616222070736753835e-11
1.708976575173437595e-03 4.999958801269531250e+01 5.386295576226274306e-11
1.772432820871472359e-03 4.999955749511718750e+01 5.294878771544553331e-11
1.788850757293403149e-03 4.999953460693359375e+01 5.045129591874086827e-11
1.879557734355330467e-03 4.999950790405273438e+01 4.696483826838182551e-11
1.912480453029274940e-03 4.999948883056640625e+01 4.563729602558019849e-11
2.056357450783252716e-03 4.999947357177734375e+01 4.556432314783975812e-11
2.028738614171743393e-03 4.999947357177734375e+01 4.228134162231889093e-11
2.079577650874853134e-03 4.999945831298828125e+01 4.121041702331851297e-11
2.079247729852795601e-03 4.999948120117187500e+01 4.064967112915596203e-11
2.153909765183925629e-03 4.999948501586914062e+01 4.309459733509157786e-11
2.127728657796978951e-03 4.999947357177734375e+01 4.195884611979394663e-11
1.959668239578604698e-03 4.999950408935546875e+01 4.263618624822385073e-11
2.076551783829927444e-03 4.999951934814453125e+01 4.376535939210057791e-11
1.935084583237767220e-03 4.999954223632812500e+01 4.619842008946051237e-11
1.926310942508280277e-03 4.999956512451171875e+01 4.362568292726187735e-11
1.858141622506082058e-03 4.999959564208984375e+01 4.360173680439949351e-11
1.718055340461432934e-03 4.999962615966796875e+01 4.147936855103395715e-11
1.577152055688202381e-03 4.999964904785156250e+01 4.142104020887771298e-11
1.407526433467864990e-03 4.999969482421875000e+01 3.541351586977548038e-11
1.298273564316332340e-03 4.999973297119140625e+01 3.151371177900763598e-11
1.121905399486422539e-03 4.999976730346679688e+01 2.722235110941273462e-11
9.378007380291819572e-04 4.999980163574218750e+01 2.220492886784164455e-11
7.988804718479514122e-04 4.999983215332031250e+01 1.751635989033495377e-11
6.328836316242814064e-04 4.999985504150390625e+01 1.309772082458415809e-11
4.966343403793871403e-04 4.999988555908203125e+01 9.548463582309540953e-12
3.702847170643508434e-04 4.999990844726562500e+01 6.154631925631148803e-12
2.853339246939867735e-04 4.999992752075195312e+01 3.992580571710035997e-12
2.107615291606634855e-04 4.999994277954101562e+01 2.018141946960594346e-12
1.736677077133208513e-04 4.999995422363281250e+01 9.495522857588811760e-13
1.455333112971857190e-04 4.999995422363281250e+01 5.704129117829748186e-13
1.641038106754422188e-04 4.999995422363281250e+01 8.218147299829392516e-13
1.953156315721571445e-04 4.999995422363281250e+01 1.609903833507675408e-12
2.539418055675923824e-04 4.999994277954101562e+01 2.857751795620755431e-12
3.260535013396292925e-04 4.999992752075195312e+01 4.224558636939379497e-12
4.036181198898702860e-04 4.999991607666015625e+01 5.920011009186154638e-12
5.068759201094508171e-04 4.999989318847656250e+01 7.357527781470807327e-12
6.115951109677553177e-04 4.999987792968750000e+01 8.912634519298023861e-12
7.144514238461852074e-04 4.999985122680664062e+01 1.035446381414395489e-11
8.475353824906051159e-04 4.999982452392578125e+01 1.202858819493446418e-11
9.430983918718993664e-04 4.999980545043945312e+01 1.338186939731089709e-11
1.035668537952005863e-03 4.999977493286132812e+01 1.559073009582689906e-11
1.168474671430885792e-03 4.999975204467773438e+01 1.910536832905318505e-11
1.260193297639489174e-03 4.999973297119140625e+01 2.227195164405948447e-11
1.318842871114611626e-03 4.999970245361328125e+01 2.660384759711753588e-11
1.366258249618113041e-03 4.999967575073242188e+01 3.038047244330321917e-11
1.404736074618995190e-03 4.999966049194335938e+01 3.492345648781203238e-11
1.523187384009361267e-03 4.999964904785156250e+01 3.942032811288243010e-11
1.528038410469889641e-03 4.999963378906250000e+01 4.225123029222288551e-11
1.526475418359041214e-03 4.999962615966796875e+01 4.457472585484012484e-11
1.478080754168331623e-03 4.999963378906250000e+01 4.332837214016116434e-11
1.486908062361180782e-03 4.999962615966796875e+01 4.457070476582281060e-11
1.449963776394724846e-03 4.999963378906250000e+01 4.250612362088901364e-11
1.376147847622632980e-03 4.999964904785156250e+01 3.822734837011232401e-11
1.253628055565059185e-03 4.999966430664062500e+01 3.547741267428961010e-11
1.240977435372769833e-03 4.999968719482421875e+01 3.290598002414490963e-11
1.130155753344297409e-03 4.999969482421875000e+01 2.780910571265060582e-11
1.028721802867949009e-03 4.999971771240234375e+01 2.477736071870850765e-11
9.908565552905201912e-04 4.999974060058593750e+01 2.148848460281627126e-11
9.159964974969625473e-04 4.999976730346679688e+01 1.869247291674813738e-11
8.753139991313219070e-04 4.999979400634765625e+01 1.664340713858347698e-11
7.758919382467865944e-04 4.999981307983398438e+01 1.402408397743748480e-11
7.282148580998182297e-04 4.999983978271484375e+01 1.150600968669035495e-11
6.826602621003985405e-04 4.999986267089843750e+01 9.171635673155265067e-12
6.012729718349874020e-04 4.999988174438476562e+01 7.506774715726471925e-12
5.363327218219637871e-04 4.999990463256835938e+01 5.718884567296189658e-12
4.722024896182119846e-04 4.999992370605468750e+01 4.489057563172860199e-12
4.077619523741304874e-04 4.999993133544921875e+01 2.928158366818922609e-12
3.536475996952503920e-04 4.999994659423828125e+01 2.005989775330507818e-12
3.033259708900004625e-04 4.999996185302734375e+01 1.286909923244039522e-12
2.586621849332004786e-04 4.999996185302734375e+01 9.031771641340724521e-13
2.306052629137411714e-04 4.999996566772460938e+01 7.171145730185124467e-13
2.055818913504481316e-04 4.999996566772460938e+01 8.129662850027419285e-13
1.968326105270534754e-04 4.999996566772460938e+01 9.707490887522762790e-13
1.983778929570689797e-04 4.999995803833007812e+01 1.369647125749884342e-12
2.104848390445113182e-04 4.999995422363281250e+01 1.961590829005488423e-12
2.311196440132334828e-04 4.999993896484375000e+01 2.715927309437926596e-12
2.713646681513637304e-04 4.999992752075195312e+01 3.594829295350265852e-12
3.230694856029003859e-04 4.999990844726562500e+01 4.470338595824463468e-12
3.846269100904464722e-04 4.999989318847656250e+01 5.975541242375648210e-12
4.635992518160492182e-04 4.999988555908203125e+01 7.388060649371475108e-12
5.009430460631847382e-04 4.999986648559570312e+01 9.252956040262105830e-12
5.994747043587267399e-04 4.999984741210937500e+01 1.081112283030094545e-11
6.620563799515366554e-04 4.999982833862304688e+01 1.243828737923502459e-11
7.738640997558832169e-04 4.999981307983398438e+01 1.421225810649406895e-11
8.423820254392921925e-04 4.999980163574218750e+01 1.471110733231029144e-11
8.940817788243293762e-04 4.999979019165039062e+01 1.596442422702182284e-11
9.768118616193532944e-04 4.999977111816406250e+01 1.627192651454389960e-11
9.932069806382060051e-04 4.999976348876953125e+01 1.613508805731189710e-11
1.025965204462409019e-03 4.999975585937500000e+01 1.619774279981722742e-11
1.070056343451142311e-03 4.999975204467773438e+01 1.527704872328339292e-11
1.070849946700036526e-03 4.999975585937500000e+01 1.426249049418792936e-11
1.048304955475032330e-03 4.999976348876953125e+01 1.361268216204525316e-11
1.035284600220620632e-03 4.999976730346679688e+01 1.236601446241714086e-11
9.742649272084236145e-04 4.999977111816406250e+01 1.151136130861374340e-11
9.366917656734585762e-04 4.999977111816406250e+01 1.059641263623234408e-11
8.755949675105512142e-04 4.999979019165039062e+01 1.038964574096024052e-11
8.395590120926499367e-04 4.999980163574218750e+01 9.609501562535260888e-12
7.713433587923645973e-04 4.999981307983398438e+01 9.011074005027541745e-12
6.956018623895943165e-04 4.999982833862304688e+01 8.562420737712184149e-12
6.218260386958718300e-04 4.999984359741210938e+01 8.175357092687907112e-12
5.785794346593320370e-04 4.999985122680664062e+01 7.977537901104891915e-12
5.054860957898199558e-04 4.999986648559570312e+01 6.999336873980688267e-12
4.469349805731326342e-04 4.999988555908203125e+01 6.440515221833864601e-12
4.029227420687675476e-04 4.999990081787109375e+01 5.493405209888724272e-12
3.416180261410772800e-04 4.999991607666015625e+01 4.733324843186892394e-12
2.922648272942751646e-04 4.999992370605468750e+01 3.768202330028946889e-12
2.591671072877943516e-04 4.999993133544921875e+01 2.807991035871926222e-12
2.170011866837739944e-04 4.999995422363281250e+01 1.926893757400738316e-12
1.925379619933664799e-04 4.999996185302734375e+01 1.356707498081921592e-12
1.633104402571916580e-04 4.999996948242187500e+01 8.515101059154706054e-13
1.509234716650098562e-04 4.999997711181640625e+01 4.843795178323395678e-13
1.440447667846456170e-04 4.999998092651367188e+01 2.387393668173976025e-13
1.452556170988827944e-04 4.999998092651367188e+01 1.423339121260983053e-13
1.569101732457056642e-04 4.999998092651367188e+01 1.606690312478536997e-13
1.778286532498896122e-04 4.999997711181640625e+01 2.988331966862628475e-13
2.028499293373897672e-04 4.999996948242187500e+01 5.724000917348148754e-13
2.297376486239954829e-04 4.999996185302734375e+01 9.341195351952880088e-13
2.652624098118394613e-04 4.999995422363281250e+01 1.504409769502446093e-12
2.896673686336725950e-04 4.999994277954101562e+01 2.155974834425200548e-12
3.340329567436128855e-04 4.999993133544921875e+01 2.774745927816568702e-12
3.685683186631649733e-04 4.999991607666015625e+01 3.646220044645209768e-12
4.130605957470834255e-04 4.999990844726562500e+01 4.320579484462516717e-12
4.360727034509181976e-04 4.999988937377929688e+01 5.025193802743466165e-12
4.785495984833687544e-04 4.999988174438476562e+01 5.511305821437328945e-12
5.142753943800926208e-04 4.999986648559570312e+01 6.181054799936358535e-12
5.503402790054678917e-04 4.999985504150390625e+01 6.350182966269324325e-12
5.914986832067370415e-04 4.999984741210937500e+01 6.981065031608224558e-12
6.015084800310432911e-04 4.999983978271484375e+01 7.049067059228253385e-12
6.315456121228635311e-04 4.999983215332031250e+01 6.964137599929642874e-12
6.401190184988081455e-04 4.999983978271484375e+01 7.479315777825235045e-12
6.650580326095223427e-04 4.999982833862304688e+01 7.050824334109417890e-12
6.833260413259267807e-04 4.999982833862304688e+01 7.227769598106004167e-12
6.911849486641585827e-04 4.999983215332031250e+01 6.685535805517339725e-12
7.079840870574116707e-04 4.999983978271484375e+01 6.486496235968974844e-12
6.798820686526596546e-04 4.999983978271484375e+01 6.144620402770417655e-12
6.468747160397469997e-04 4.999984741210937500e+01 5.418398368872701099e-12
6.315407226793467999e-04 4.999985504150390625e+01 5.079834122789783635e-12
5.893069901503622532e-04 4.999986267089843750e+01 4.264133750958576385e-12
5.425754934549331665e-04 4.999987792968750000e+01 3.857506761933970907e-12
4.966012202203273773e-04 4.999988937377929688e+01 3.545872363092117396e-12
4.372550465632230043e-04 4.999990081787109375e+01 3.067837433742837128e-12
3.986313531640917063e-04 4.999991607666015625e+01 2.709636334752296705e-12
3.327610029373317957e-04 4.999992370605468750e+01 2.465043360405649864e-12
2.964953891932964325e-04 4.999993133544921875e+01 2.038578941071511608e-12
2.411779132671654224e-04 4.999994277954101562e+01 1.719646126885354676e-12
2.044690772891044617e-04 4.999995422363281250e+01 1.418428634096524643e-12
1.554738119011744857e-04 4.999996185302734375e+01 1.037544399354328739e-12
1.212423230754211545e-04 4.999996948242187500e+01 7.049486320208353529e-13
9.311267058365046978e-05 4.999997711181640625e+01 4.367173669136276137e-13
7.526054105255752802e-05 4.999997711181640625e+01 2.226908842875227612e-13
6.341835251078009605e-05 4.999998092651367188e+01 9.792831151024528058e-14
6.839818524895235896e-05 4.999998092651367188e+01 7.192185893069649727e-14
6.791166379116475582e-05 4.999997711181640625e+01 1.406859112713931825e-13
8.563122537452727556e-05 4.999997711181640625e+01 2.959367776875221345e-13
1.090689256670884788e-04 4.999997711181640625e+01 4.993853637905165677e-13
1.306958583882078528e-04 4.999996948242187500e+01 7.203469591654521054e-13
1.606479345355182886e-04 4.999996566772460938e+01 9.611008820395450236e-13
1.943917013704776764e-04 4.999996185302734375e+01 1.223686083018371562e-12
2.295905433129519224e-04 4.999995422363281250e+01 1.383420938569357439e-12
2.568228519521653652e-04 4.999994277954101562e+01 1.527327743444661934e-12
2.911489573307335377e-04 4.999993896484375000e+01 1.566228375292355590e-12
3.240820660721510649e-04 4.999993133544921875e+01 1.694607453493757188e-12
3.517900477163493633e-04 4.999992370605468750e+01 1.773491401478588525e-12
3.724833950400352478e-04 4.999991989135742188e+01 1.900915189145813144e-12
3.923539479728788137e-04 4.999990844726562500e+01 1.961859927984699326e-12
4.258998087607324123e-04 4.999990463256835938e+01 2.236735753211038791e-12
4.305830807425081730e-04 4.999989318847656250e+01 2.634689341696194731e-12
4.462689103092998266e-04 4.999989318847656250e+01 2.981138122817861280e-12
4.374995478428900242e-04 4.999988937377929688e+01 3.458295715769166279e-12
4.536464402917772532e-04 4.999987792968750000e+01 4.001784147111830947e-12
4.614529316313564777e-04 4.999988174438476562e+01 4.372758231896423098e-12
4.414148279465734959e-04 4.999987792968750000e+01 4.623497331518455766e-12
4.522445087786763906e-04 4.999988174438476562e+01 4.997245239141134832e-12
4.224017320666462183e-04 4.999988555908203125e+01 4.989618093698133805e-12
4.226593300700187683e-04 4.999988937377929688e+01 5.102400273127027930e-12
4.059280909132212400e-04 4.999988937377929688e+01 4.984952554909494182e-12
3.985299554187804461e-04 4.999990081787109375e+01 4.343405843321157533e-12
3.544262144714593887e-04 4.999990463256835938e+01 3.925144931304913598e-12
3.367751778569072485e-04 4.999991607666015625e+01 3.341734224407422182e-12
3.102080663666129112e-04 4.999992370605468750e+01 2.732534901475625055e-12
2.804673276841640472e-04 4.999993133544921875e+01 2.189225363491420495e-12
2.476196386851370335e-04 4.999994277954101562e+01 1.714311201675422502e-12
2.178155409637838602e-04 4.999995422363281250e+01 1.253749382958135872e-12
1.918955531436949968e-04 4.999995803833007812e+01 8.670233584903708213e-13
1.640253758523613214e-04 4.999996948242187500e+01 6.018443664441985863e-13
1.396042789565399289e-04 4.999997711181640625e+01 3.891938041376136193e-13
1.190990151371806860e-04 4.999998092651367188e+01 2.490211812797293867e-13
9.846677130553871393e-05 4.999998474121093750e+01 1.599233034410910137e-13
7.919689232949167490e-05 4.999998474121093750e+01 1.063486931439545924e-13
6.724952254444360733e-05 4.999999237060546875e+01 7.730015900379166860e-14
5.569564382312819362e-05 4.999999237060546875e+01 6.677886461034857057e-14
5.114094165037386119e-05 4.999999237060546875e+01 6.938721786812346304e-14
4.758433715323917568e-05 4.999999237060546875e+01 8.989651471141835160e-14
