8.895576000213623047e-01 1.991195297241210938e+01 3.930334969481918961e-06
6.011339426040649414e-01 1.993980789184570312e+01 1.659625468164449558e-06
3.719031810760498047e-01 1.996228408813476562e+01 5.785373673461435828e-07
2.008010447025299072e-01 1.997910690307617188e+01 1.318696405405717087e-07
8.823428303003311157e-02 1.999048042297363281e+01 1.571549290702023427e-08
2.748176641762256622e-02 1.999695587158203125e+01 4.314355296630711933e-12
9.989725425839424133e-03 1.999911117553710938e+01 4.239029960384499418e-10
2.680745907127857208e-02 1.999778556823730469e+01 1.621982548272171698e-09
6.639286875724792480e-02 1.999412345886230469e+01 2.254945563606725045e-08
1.161240190267562866e-01 1.998881530761718750e+01 7.442353222586461925e-08
1.660237610340118408e-01 1.998349571228027344e+01 1.505280238234263379e-07
2.128171622753143311e-01 1.997887420654296875e+01 2.310891602519404842e-07
2.455296516418457031e-01 1.997501754760742188e+01 2.704306325540528633e-07
2.664970159530639648e-01 1.997249794006347656e+01 2.695132650387677131e-07
2.747319638729095459e-01 1.997076797485351562e+01 2.710452235987759195e-07
2.697741389274597168e-01 1.997103309631347656e+01 2.203609170692288899e-07
2.558393478393554688e-01 1.997188377380371094e+01 1.576943731151914108e-07
2.357517331838607788e-01 1.997441482543945312e+01 1.157363556103518931e-07
2.108379900455474854e-01 1.997649765014648438e+01 6.942401142850940232e-08
1.819183677434921265e-01 1.998028182983398438e+01 3.910492196723680536e-08
1.537941694259643555e-01 1.998307228088378906e+01 1.723480913540242909e-08
1.248415932059288025e-01 1.998607254028320312e+01 5.034148653493275560e-09
9.825377166271209717e-02 1.998896789550781250e+01 6.272671271290164441e-10
7.475309818983078003e-02 1.999187278747558594e+01 9.193407840557554778e-11
5.275807529687881470e-02 1.999417495727539062e+01 1.105180169602704154e-09
3.613103553652763367e-02 1.999605178833007812e+01 1.984760578110922324e-09
2.364790439605712891e-02 1.999752807617187500e+01 2.011100619370154163e-09
1.532711274921894073e-02 1.999849700927734375e+01 1.391127435468320073e-09
1.127628330141305923e-02 1.999903488159179688e+01 4.011630194700188667e-10
1.123657356947660446e-02 1.999908828735351562e+01 2.376815378627578079e-13
1.479292288422584534e-02 1.999876785278320312e+01 6.295878263173904088e-10
2.180613204836845398e-02 1.999802017211914062e+01 2.424829004255002474e-09
3.108809143304824829e-02 1.999687004089355469e+01 5.363786304002360339e-09
4.274900630116462708e-02 1.999571037292480469e+01 8.832732767416473507e-09
5.605777725577354431e-02 1.999431419372558594e+01 1.318164333241611530e-08
6.988279521465301514e-02 1.999262809753417969e+01 1.602385779619908135e-08
8.481612056493759155e-02 1.999089050292968750e+01 1.781561387304009259e-08
9.779670089483261108e-02 1.998937416076660156e+01 1.895634937909562723e-08
1.104059666395187378e-01 1.998815155029296875e+01 1.768283652836544206e-08
1.206127330660820007e-01 1.998699951171875000e+01 1.608714050860271527e-08
1.300004124641418457e-01 1.998567008972167969e+01 1.403750449213703178e-08
1.359706223011016846e-01 1.998485565185546875e+01 1.144966521593460129e-08
1.415242701768875122e-01 1.998429489135742188e+01 8.702338405441878422e-09
1.421814411878585815e-01 1.998408508300781250e+01 5.773802325137467051e-09
1.410246342420578003e-01 1.998431587219238281e+01 3.562537154166989239e-09
1.369861066341400146e-01 1.998443794250488281e+01 1.926432346976980625e-09
1.329887211322784424e-01 1.998478889465332031e+01 9.104886289357239093e-10
1.265767812728881836e-01 1.998600769042968750e+01 2.894937622954785184e-10
1.184978038072586060e-01 1.998654937744140625e+01 3.333111217584949770e-11
1.085766255855560303e-01 1.998762893676757812e+01 1.646466817051273068e-11
9.695164114236831665e-02 1.998918151855468750e+01 1.426557760808577768e-10
8.602914214134216309e-02 1.999030685424804688e+01 3.157981931511955054e-10
7.483631372451782227e-02 1.999172210693359375e+01 4.552619115028022634e-10
6.364684551954269409e-02 1.999283790588378906e+01 6.086010029271449184e-10
5.255338922142982483e-02 1.999408721923828125e+01 6.392468776539317332e-10
4.209638759493827820e-02 1.999532318115234375e+01 5.606293207449652982e-10
3.245984762907028198e-02 1.999646377563476562e+01 4.804077136100204370e-10
2.390234731137752533e-02 1.999730300903320312e+01 3.855359920201806290e-10
1.640080660581588745e-02 1.999817848205566406e+01 2.634754914243586654e-10
1.042620837688446045e-02 1.999887275695800781e+01 1.557715623157207574e-10
5.775774829089641571e-03 1.999937820434570312e+01 7.585642530782976678e-11
2.528676064684987068e-03 1.999973106384277344e+01 2.438975583995972585e-11
8.029107702895998955e-04 1.999992561340332031e+01 3.380789138224260526e-12
5.087081808596849442e-04 1.999995803833007812e+01 8.470682380350147422e-13
1.610385254025459290e-03 1.999983024597167969e+01 9.362238415078216747e-12
3.984530456364154816e-03 1.999955177307128906e+01 2.086707542869881138e-11
7.556298281997442245e-03 1.999916839599609375e+01 2.826000371214387741e-11
1.201903074979782104e-02 1.999864387512207031e+01 2.962049355792473193e-11
1.721478253602981567e-02 1.999795913696289062e+01 2.425776420011960255e-11
2.336933650076389313e-02 1.999726867675781250e+01 1.684915575117518216e-11
2.969106659293174744e-02 1.999660110473632812e+01 8.174033498675736809e-12
3.673234581947326660e-02 1.999579620361328125e+01 1.649665863981408798e-12
4.357124119997024536e-02 1.999487304687500000e+01 1.202105499560970903e-13
5.012652650475502014e-02 1.999433708190917969e+01 3.653911374856821936e-12
5.648866668343544006e-02 1.999350357055664062e+01 1.161180266523453852e-11
6.271569430828094482e-02 1.999284744262695312e+01 1.827691817335441726e-11
6.705161929130554199e-02 1.999250793457031250e+01 2.499319674831301796e-11
7.160454243421554565e-02 1.999164199829101562e+01 2.741093983738007722e-11
7.678292691707611084e-02 1.999152183532714844e+01 2.473264822111520544e-11
8.011279255151748657e-02 1.999095153808593750e+01 1.745119673768336099e-11
8.067555725574493408e-02 1.999104499816894531e+01 8.540527660083618855e-12
8.251127600669860840e-02 1.999076652526855469e+01 1.162535996288016626e-12
8.208481222391128540e-02 1.999053764343261719e+01 1.225983724262302843e-12
8.130557835102081299e-02 1.999087333679199219e+01 1.314895154563844315e-11
7.991653680801391602e-02 1.999103164672851562e+01 3.959698888222895619e-11
7.756374776363372803e-02 1.999129867553710938e+01 8.194955131157755090e-11
7.403928041458129883e-02 1.999160957336425781e+01 1.463949517166440728e-10
7.023663073778152466e-02 1.999206352233886719e+01 2.314627239874411657e-10
6.663826107978820801e-02 1.999265670776367188e+01 3.152562655373003508e-10
6.127412989735603333e-02 1.999297142028808594e+01 3.871616915951392457e-10
5.707937106490135193e-02 1.999351119995117188e+01 4.780209006405300443e-10
5.153701826930046082e-02 1.999409103393554688e+01 5.686698889562080694e-10
4.522880166769027710e-02 1.999475479125976562e+01 6.006568020744396108e-10
4.042933881282806396e-02 1.999540519714355469e+01 6.202282576417417204e-10
3.500195965170860291e-02 1.999604415893554688e+01 6.596749257958833823e-10
2.967229112982749939e-02 1.999671363830566406e+01 6.583666944948163291e-10
2.493048273026943207e-02 1.999719238281250000e+01 5.557913018705562536e-10
2.073726430535316467e-02 1.999773025512695312e+01 4.931934860508135898e-10
1.633148826658725739e-02 1.999821662902832031e+01 4.190020275185446508e-10
1.262453850358724594e-02 1.999861145019531250e+01 3.182787922106911083e-10
9.296282194554805756e-03 1.999898910522460938e+01 2.300599710736150882e-10
6.550641730427742004e-03 1.999930381774902344e+01 1.586469428049852581e-10
4.356274381279945374e-03 1.999955368041992188e+01 9.272835277407409649e-11
2.715431153774261475e-03 1.999973487854003906e+01 4.181167218009207431e-11
1.650182995945215225e-03 1.999985504150390625e+01 1.212677874784517940e-11
1.125366659834980965e-03 1.999990844726562500e+01 4.984194480750492318e-13
1.151308417320251465e-03 1.999990272521972656e+01 3.413905876742395762e-12
1.700982335023581982e-03 1.999983596801757812e+01 1.683994783896469727e-11
2.746985526755452156e-03 1.999971961975097656e+01 3.229209608046623714e-11
4.224570002406835556e-03 1.999953269958496094e+01 5.348815140804319412e-11
6.107180844992399216e-03 1.999931144714355469e+01 6.104432931364200954e-11
8.297635242342948914e-03 1.999905395507812500e+01 6.224604859328408679e-11
1.086120866239070892e-02 1.999876785278320312e+01 5.770198208132626405e-11
1.374528929591178894e-02 1.999846839904785156e+01 4.242606266302573204e-11
1.672329381108283997e-02 1.999816513061523438e+01 2.449101164925249208e-11
1.984036341309547424e-02 1.999777793884277344e+01 7.872407586928531487e-12
2.285692095756530762e-02 1.999739837646484375e+01 4.007205808495561961e-14
2.580498903989791870e-02 1.999704742431640625e+01 8.625666153561084570e-12
2.879983372986316681e-02 1.999678230285644531e+01 4.055001473490804642e-11
3.222168982028961182e-02 1.999633598327636719e+01 9.800605466070422267e-11
3.500735759735107422e-02 1.999600982666015625e+01 1.940351906926096603e-10
3.772665932774543762e-02 1.999588966369628906e+01 3.362689571240196074e-10
3.934087976813316345e-02 1.999561691284179688e+01 4.925914121045593674e-10
4.199829697608947754e-02 1.999529266357421875e+01 7.093901022159343484e-10
4.310887306928634644e-02 1.999507522583007812e+01 9.010406865073150584e-10
4.450231418013572693e-02 1.999501419067382812e+01 1.164202179104734114e-09
4.525830969214439392e-02 1.999501800537109375e+01 1.385606851478371482e-09
4.522927850484848022e-02 1.999482154846191406e+01 1.569124163935953220e-09
4.630551487207412720e-02 1.999487686157226562e+01 1.817347272670133407e-09
4.585415497422218323e-02 1.999484825134277344e+01 1.890289702544123429e-09
4.508556425571441650e-02 1.999479293823242188e+01 2.024146183998709603e-09
4.416852071881294250e-02 1.999498176574707031e+01 2.205381877118384182e-09
4.216355085372924805e-02 1.999517631530761719e+01 2.149883604474212007e-09
4.109869152307510376e-02 1.999541854858398438e+01 2.131814946793042509e-09
3.919031471014022827e-02 1.999564933776855469e+01 2.071390614588608514e-09
3.696003928780555725e-02 1.999588775634765625e+01 1.866617083123855991e-09
3.431764990091323853e-02 1.999620056152343750e+01 1.743937882991986044e-09
3.176697343587875366e-02 1.999648666381835938e+01 1.542187599845590285e-09
2.913532592356204987e-02 1.999674034118652344e+01 1.337630228803732280e-09
2.628700807690620422e-02 1.999697875976562500e+01 1.119355719225723078e-09
2.375575713813304901e-02 1.999745368957519531e+01 9.396328159994027374e-10
2.090718224644660950e-02 1.999774932861328125e+01 7.269667645637412079e-10
1.818588562309741974e-02 1.999800300598144531e+01 5.612000308907738599e-10
1.535547897219657898e-02 1.999827766418457031e+01 4.181172907902208635e-10
1.279275771230459213e-02 1.999857139587402344e+01 2.681126709536130193e-10
1.042394805699586868e-02 1.999882507324218750e+01 1.858478232419358278e-10
8.174303919076919556e-03 1.999908638000488281e+01 1.148492898006558960e-10
6.215358618646860123e-03 1.999931144714355469e+01 6.318903039703727131e-11
4.446746315807104111e-03 1.999950027465820312e+01 3.266505468890734676e-11
2.981410361826419830e-03 1.999967002868652344e+01 1.249443864342891786e-11
1.817393349483609200e-03 1.999980163574218750e+01 4.545559675189769777e-12
9.315556962974369526e-04 1.999989700317382812e+01 9.115602153317303724e-13
3.371526545379310846e-04 1.999996185302734375e+01 5.448374770008340695e-14
4.839834218728356063e-05 1.999999618530273438e+01 1.459580069654298207e-15
4.613060809788294137e-05 1.999999618530273438e+01 1.227178962289778019e-14
3.276889037806540728e-04 1.999996566772460938e+01 4.406777406092826643e-13
8.669461822137236595e-04 1.999990463256835938e+01 2.405999011134696275e-12
1.659796456806361675e-03 1.999981689453125000e+01 8.523476195676504830e-12
2.678261138498783112e-03 1.999971199035644531e+01 1.957565880228440136e-11
3.853417700156569481e-03 1.999955749511718750e+01 3.965957770524219939e-11
5.242188926786184311e-03 1.999941444396972656e+01 6.473693803243918410e-11
6.803962402045726776e-03 1.999923706054687500e+01 1.028752916187869459e-10
8.417570963501930237e-03 1.999904632568359375e+01 1.642985747452030409e-10
1.008431334048509598e-02 1.999888420104980469e+01 2.106581575844757026e-10
1.203479990363121033e-02 1.999868392944335938e+01 2.854465275259343571e-10
1.366542093455791473e-02 1.999847221374511719e+01 3.748308885498374821e-10
1.547754462808370590e-02 1.999829864501953125e+01 4.458823310571347065e-10
1.734691672027111053e-02 1.999809265136718750e+01 5.392617463684246104e-10
1.876236125826835632e-02 1.999795722961425781e+01 6.222338200245758344e-10
2.023878507316112518e-02 1.999773406982421875e+01 6.580840872238979955e-10
2.210823819041252136e-02 1.999756240844726562e+01 7.140438240682556170e-10
2.315258979797363281e-02 1.999739265441894531e+01 7.458877404609154382e-10
2.404994145035743713e-02 1.999736404418945312e+01 8.069489521034256541e-10
2.498629316687583923e-02 1.999720001220703125e+01 8.390096950527947683e-10
2.587134018540382385e-02 1.999705123901367188e+01 7.589080475156606553e-10
2.631354145705699921e-02 1.999695777893066406e+01 7.216549580135733777e-10
2.665793150663375854e-02 1.999705696105957031e+01 6.876559877078136651e-10
2.656911313533782959e-02 1.999697494506835938e+01 6.165105093103306899e-10
2.672915346920490265e-02 1.999698448181152344e+01 5.416147530468151672e-10
2.663740888237953186e-02 1.999696922302246094e+01 4.551788668205603017e-10
2.586961165070533752e-02 1.999706077575683594e+01 3.842313689439436075e-10
2.524562366306781769e-02 1.999716949462890625e+01 3.180729568619256042e-10
2.446630410850048065e-02 1.999727058410644531e+01 2.502153761962944145e-10
2.345516532659530640e-02 1.999727630615234375e+01 1.833704021958482144e-10
2.252065949141979218e-02 1.999747657775878906e+01 1.321763670736331164e-10
2.135598100721836090e-02 1.999758338928222656e+01 8.609230689460289909e-11
2.007657475769519806e-02 1.999769592285156250e+01 5.120675758418791190e-11
1.863995380699634552e-02 1.999787139892578125e+01 2.761022487030029282e-11
1.717718131840229034e-02 1.999809265136718750e+01 1.087390420762002208e-11
1.579217612743377686e-02 1.999820137023925781e+01 2.646753476109875436e-12
1.414571795612573624e-02 1.999837684631347656e+01 7.768893865625191991e-15
1.269380003213882446e-02 1.999851036071777344e+01 1.513803297124860503e-12
1.129338610917329788e-02 1.999875259399414062e+01 5.322592627060585002e-12
9.818024933338165283e-03 1.999886322021484375e+01 1.037607152976072200e-11
8.505904115736484528e-03 1.999904251098632812e+01 1.430697574300587860e-11
7.094319909811019897e-03 1.999919319152832031e+01 1.810199906637777190e-11
5.893548950552940369e-03 1.999934005737304688e+01 2.005359073242729551e-11
4.755732603371143341e-03 1.999945640563964844e+01 2.060145283533376670e-11
3.766409121453762054e-03 1.999957847595214844e+01 1.904020691112506825e-11
2.862263238057494164e-03 1.999967956542968750e+01 1.626787766995096973e-11
2.096420153975486755e-03 1.999976348876953125e+01 1.221697569497859348e-11
1.463111140765249729e-03 1.999983787536621094e+01 8.597970425905376857e-12
9.729493176564574242e-04 1.999990081787109375e+01 4.888796832636099765e-12
6.337411468848586082e-04 1.999994087219238281e+01 2.116971962312641509e-12
4.272847145330160856e-04 1.999996376037597656e+01 5.013853915381005777e-13
3.681081579998135567e-04 1.999996948242187500e+01 7.155142262374198509e-15
4.503920208662748337e-04 1.999995994567871094e+01 7.429990867349745010e-13
6.676857592537999153e-04 1.999993515014648438e+01 2.531731334992626259e-12
1.016254769638180733e-03 1.999989700317382812e+01 5.126370248437206456e-12
1.458837068639695644e-03 1.999983978271484375e+01 8.598300890727550438e-12
2.079987898468971252e-03 1.999977111816406250e+01 1.062746245172885295e-11
2.770178020000457764e-03 1.999969100952148438e+01 1.457619441813662320e-11
3.527620574459433556e-03 1.999960708618164062e+01 1.605286389927407242e-11
4.355040844529867172e-03 1.999950599670410156e+01 1.659753584570822227e-11
5.258630029857158661e-03 1.999940109252929688e+01 1.739717571391796724e-11
6.206757389008998871e-03 1.999931335449218750e+01 1.648362002448777730e-11
7.094392552971839905e-03 1.999918746948242188e+01 1.416113927510398440e-11
8.257477544248104095e-03 1.999907302856445312e+01 1.157693645809088068e-11
9.054545313119888306e-03 1.999894523620605469e+01 9.287994852391623368e-12
1.007027085870504379e-02 1.999885940551757812e+01 6.381862052706743782e-12
1.093476265668869019e-02 1.999874114990234375e+01 4.022849761642355304e-12
1.188704278320074081e-02 1.999863433837890625e+01 1.750981521234096228e-12
1.267718151211738586e-02 1.999851989746093750e+01 4.562010491593326833e-13
1.353557594120502472e-02 1.999847793579101562e+01 4.010992437522526788e-16
1.391733717173337936e-02 1.999836158752441406e+01 4.174380567774360618e-13
1.443028636276721954e-02 1.999834823608398438e+01 1.619867000951513702e-12
1.517518050968647003e-02 1.999823760986328125e+01 3.589772359577358962e-12
1.547346450388431549e-02 1.999821472167968750e+01 5.562376514250955140e-12
1.570654846727848053e-02 1.999816703796386719e+01 8.473819736176668727e-12
1.599128544330596924e-02 1.999822425842285156e+01 1.070075451858887305e-11
1.584272272884845734e-02 1.999815940856933594e+01 1.179195022876777799e-11
1.573142968118190765e-02 1.999818801879882812e+01 1.415016541439495512e-11
1.544914115220308304e-02 1.999825096130371094e+01 1.454334829648074034e-11
1.506539061665534973e-02 1.999827384948730469e+01 1.462552301489949969e-11
1.476038899272680283e-02 1.999833679199218750e+01 1.496280703505714627e-11
1.392405293881893158e-02 1.999842834472656250e+01 1.368353434033631189e-11
1.327214762568473816e-02 1.999849128723144531e+01 1.193659147219472416e-11
1.266822684556245804e-02 1.999855995178222656e+01 9.827369820691878033e-12
1.194473449140787125e-02 1.999866485595703125e+01 7.383225107682189758e-12
1.101152133196592331e-02 1.999871444702148438e+01 5.527540664768126888e-12
1.016331929713487625e-02 1.999882316589355469e+01 3.653022329075383823e-12
9.152523241937160492e-03 1.999894905090332031e+01 2.222169930704565033e-12
8.353324607014656067e-03 1.999904632568359375e+01 1.009979643321057274e-12
7.405958138406276703e-03 1.999915885925292969e+01 3.533810071822129917e-13
6.425485480576753616e-03 1.999925231933593750e+01 3.658304128378864206e-14
5.521377082914113998e-03 1.999934959411621094e+01 3.283829507145022419e-14
4.742226097732782364e-03 1.999945640563964844e+01 2.554808307183437099e-13
3.899430390447378159e-03 1.999954986572265625e+01 5.960237728711015315e-13
3.177193226292729378e-03 1.999963378906250000e+01 9.561124678439392177e-13
2.500470262020826340e-03 1.999971580505371094e+01 1.166105515100490653e-12
1.892528613097965717e-03 1.999978256225585938e+01 1.323300518642211987e-12
1.398816588334739208e-03 1.999984169006347656e+01 1.348342336220109683e-12
9.445526520721614361e-04 1.999989128112792969e+01 1.121104836569741803e-12
5.951345083303749561e-04 1.999993324279785156e+01 8.765774564545303349e-13
3.506130306050181389e-04 1.999996185302734375e+01 4.992371533535377992e-13
1.887941616587340832e-04 1.999998283386230469e+01 2.057169132306871373e-13
1.147622169810347259e-04 1.999999046325683594e+01 2.140001297370498767e-14
1.280257565667852759e-04 1.999998855590820312e+01 3.507781969080449314e-14
2.245307987323030829e-04 1.999997901916503906e+01 2.980767217254653989e-13
4.025245434604585171e-04 1.999995803833007812e+01 8.078076510660558984e-13
6.648774724453687668e-04 1.999992752075195312e+01 1.611209646604216950e-12
9.758250089362263680e-04 1.999988937377929688e+01 2.449289469158566490e-12
1.356763299554586411e-03 1.999984741210937500e+01 3.438656043935894857e-12
1.791642280295491219e-03 1.999979591369628906e+01 4.967730653920865436e-12
2.286246977746486664e-03 1.999974250793457031e+01 5.735798988548701516e-12
2.810518257319927216e-03 1.999968338012695312e+01 6.617430128169621284e-12
3.317118622362613678e-03 1.999962234497070312e+01 6.925017850822889898e-12
3.900807816535234451e-03 1.999955558776855469e+01 6.881764255672884190e-12
4.471310880035161972e-03 1.999950218200683594e+01 6.429101608723675199e-12
5.033126566559076309e-03 1.999940681457519531e+01 6.059245986900219094e-12
5.560328252613544464e-03 1.999934005737304688e+01 4.619447185882918916e-12
6.217508576810359955e-03 1.999930000305175781e+01 3.390704167091640464e-12
6.595375947654247284e-03 1.999922370910644531e+01 2.085563492737474434e-12
7.233857177197933197e-03 1.999918174743652344e+01 9.265954973788903537e-13
7.538587320595979691e-03 1.999911880493164062e+01 1.926994533992670844e-13
7.940716110169887543e-03 1.999906349182128906e+01 2.040447821013806340e-14
8.404612541198730469e-03 1.999902725219726562e+01 5.746511122853292797e-13
8.743495680391788483e-03 1.999900436401367188e+01 2.075979796054006066e-12
8.845917880535125732e-03 1.999894142150878906e+01 4.301252062854921121e-12
8.984404616057872772e-03 1.999893951416015625e+01 7.776621360755520129e-12
9.194908663630485535e-03 1.999893951416015625e+01 1.202914937797894268e-11
9.248223155736923218e-03 1.999894714355468750e+01 1.656862494425759280e-11
9.245316497981548309e-03 1.999895477294921875e+01 2.148492495024356685e-11
8.989429101347923279e-03 1.999895858764648438e+01 2.743050925291257158e-11
8.994969539344310760e-03 1.999898910522460938e+01 3.195567768732310299e-11
8.868532255291938782e-03 1.999897956848144531e+01 3.789109997986983558e-11
8.530564606189727783e-03 1.999900627136230469e+01 4.108425752380462370e-11
8.240584284067153931e-03 1.999907684326171875e+01 4.476331458280746745e-11
7.866145111620426178e-03 1.999908828735351562e+01 4.679291676357166807e-11
7.487404625862836838e-03 1.999912643432617188e+01 4.628055230715411028e-11
7.129450794309377670e-03 1.999920082092285156e+01 4.812707177226371869e-11
6.602923851460218430e-03 1.999923896789550781e+01 4.550857260476881549e-11
6.159589625895023346e-03 1.999931716918945312e+01 4.540782680417798645e-11
5.660756491124629974e-03 1.999936485290527344e+01 4.218000948519318172e-11
5.088471341878175735e-03 1.999941062927246094e+01 3.867530254386686295e-11
4.633651115000247955e-03 1.999947547912597656e+01 3.187180380725962436e-11
4.008333664387464523e-03 1.999954032897949219e+01 2.709577874571156286e-11
3.555434755980968475e-03 1.999961090087890625e+01 2.340583629689696465e-11
3.031789790838956833e-03 1.999965858459472656e+01 1.875898048009361219e-11
2.569145290181040764e-03 1.999970436096191406e+01 1.413223010837683091e-11
2.106850733980536461e-03 1.999976348876953125e+01 9.953990756650377136e-12
1.670663943514227867e-03 1.999981307983398438e+01 6.866210291306407143e-12
1.301916199736297131e-03 1.999985122680664062e+01 4.826708043664806880e-12
9.477528510615229607e-04 1.999989509582519531e+01 2.589176052378294735e-12
6.575875449925661087e-04 1.999992752075195312e+01 1.489494617055997505e-12
4.258640983607620001e-04 1.999995231628417969e+01 7.280150332404644598e-13
2.409069275017827749e-04 1.999997520446777344e+01 2.675463745948486460e-13
1.100820372812449932e-04 1.999998855590820312e+01 6.711447939284145847e-14
3.525634383549913764e-05 1.999999618530273438e+01 5.841177744264755209e-15
1.549002627143636346e-05 1.999999809265136719e+01 9.096562106271788989e-16
4.955581243848428130e-05 1.999999427795410156e+01 3.840131016045198256e-15
1.359244051855057478e-04 1.999998474121093750e+01 3.015070156382233671e-16
2.724962250795215368e-04 1.999996757507324219e+01 1.043502069963345852e-14
4.617478116415441036e-04 1.999994659423828125e+01 8.167448108890168479e-14
6.782084819860756397e-04 1.999992179870605469e+01 2.908943431186722384e-13
9.499251609668135643e-04 1.999989318847656250e+01 7.608305261849745982e-13
1.236506388522684574e-03 1.999985313415527344e+01 1.423067826772372868e-12
1.549482578411698341e-03 1.999981689453125000e+01 2.633748254210477313e-12
1.889044768176972866e-03 1.999978256225585938e+01 4.122429394376458944e-12
2.276819432154297829e-03 1.999974441528320312e+01 6.487254743808845703e-12
2.620898652821779251e-03 1.999970626831054688e+01 8.855641914218281840e-12
3.002241952344775200e-03 1.999964523315429688e+01 1.204730239179330198e-11
3.299321047961711884e-03 1.999961471557617188e+01 1.507402536127244730e-11
3.658941248431801796e-03 1.999958801269531250e+01 1.797002477377240837e-11
4.063785541802644730e-03 1.999953460693359375e+01 2.011605639007374435e-11
4.399435129016637802e-03 1.999949455261230469e+01 2.488277986434361821e-11
4.629496019333600998e-03 1.999946594238281250e+01 2.701558421414063105e-11
4.955945070832967758e-03 1.999943733215332031e+01 2.890469114058547007e-11
5.154109559953212738e-03 1.999940681457519531e+01 3.266371548238389266e-11
5.363515578210353851e-03 1.999939727783203125e+01 3.183273783458062667e-11
5.415266379714012146e-03 1.999938774108886719e+01 3.319258062850494184e-11
5.630222149193286896e-03 1.999934196472167969e+01 3.226847608561733693e-11
5.635689012706279755e-03 1.999936676025390625e+01 3.250074515070977554e-11
5.671920254826545715e-03 1.999935531616210938e+01 2.858802951311023577e-11
5.555636715143918991e-03 1.999935913085937500e+01 2.672261717462376396e-11
5.575432907789945602e-03 1.999935340881347656e+01 2.536050362766939514e-11
5.515298806130886078e-03 1.999937820434570312e+01 2.091295539519144597e-11
5.348174832761287689e-03 1.999938774108886719e+01 1.700037853546998434e-11
5.113129969686269760e-03 1.999942207336425781e+01 1.383418293116056574e-11
4.911268595606088638e-03 1.999941253662109375e+01 1.120406371846183191e-11
4.730183165520429611e-03 1.999946594238281250e+01 8.586928910980784480e-12
4.395923577249050140e-03 1.999949645996093750e+01 5.922442224137736133e-12
4.171345848590135574e-03 1.999951362609863281e+01 3.861726910470153484e-12
3.850028850138187408e-03 1.999955368041992188e+01 2.304516820428315071e-12
3.548435866832733154e-03 1.999959182739257812e+01 1.274404084865288223e-12
3.200047416612505913e-03 1.999963760375976562e+01 5.370806338729494644e-13
2.882496220991015434e-03 1.999966621398925781e+01 1.410715077740376522e-13
2.564358292147517204e-03 1.999969863891601562e+01 4.498213782656640056e-15
2.239712281152606010e-03 1.999974441528320312e+01 4.146663345810583379e-14
1.909750513732433319e-03 1.999977874755859375e+01 1.829790794794297626e-13
1.635749475099146366e-03 1.999981117248535156e+01 3.579711397097562475e-13
1.359895220957696438e-03 1.999984359741210938e+01 5.381614208085916395e-13
1.116806175559759140e-03 1.999987220764160156e+01 6.178172665301240318e-13
8.701536571606993675e-04 1.999989891052246094e+01 6.783962497661222280e-13
6.775608635507524014e-04 1.999992179870605469e+01 6.583079892839849290e-13
4.965455154888331890e-04 1.999994468688964844e+01 5.667143729119750173e-13
3.586837556213140488e-04 1.999996185302734375e+01 4.259488812011213987e-13
2.408177242614328861e-04 1.999997520446777344e+01 2.849970151368175220e-13
1.612187625141814351e-04 1.999998474121093750e+01 1.534703896084732566e-13
1.087139680748805404e-04 1.999999046325683594e+01 4.691656880161619581e-14
8.961599814938381314e-05 1.999999237060546875e+01 1.143451703629469116e-15
1.019380651996470988e-04 1.999999237060546875e+01 2.447246744174177285e-14
1.434270961908623576e-04 1.999998664855957031e+01 1.131656752898294038e-13
2.149036445189267397e-04 1.999997901916503906e+01 2.616781303362708533e-13
3.131210105493664742e-04 1.999996566772460938e+01 4.713073464487904651e-13
4.367750952951610088e-04 1.999995231628417969e+01 7.104643479430294839e-13
5.844949046149849892e-04 1.999993515014648438e+01 9.023975143518381259e-13
7.457638857886195183e-04 1.999991607666015625e+01 1.107263369534705610e-12
9.320537210442125797e-04 1.999989318847656250e+01 1.223474446754302392e-12
1.120889326557517052e-03 1.999987030029296875e+01 1.282362996173069813e-12
1.327158301137387753e-03 1.999984359741210938e+01 1.315137560485568624e-12
1.560166478157043457e-03 1.999982070922851562e+01 1.289714645844042273e-12
1.763885724358260632e-03 1.999979209899902344e+01 1.205865594010313568e-12
1.958043081685900688e-03 1.999977302551269531e+01 9.928983633541998977e-13
2.193627180531620979e-03 1.999974060058593750e+01 8.041327478024162811e-13
2.431797794997692108e-03 1.999972915649414062e+01 5.210453921621061024e-13
2.610831521451473236e-03 1.999969291687011719e+01 3.613496492044926400e-13
2.788578160107135773e-03 1.999967956542968750e+01 1.799660545370382336e-13
2.939255209639668465e-03 1.999965095520019531e+01 6.171926576585551327e-14
3.117109183222055435e-03 1.999963569641113281e+01 5.567017743194008564e-15
3.203511005267500877e-03 1.999962043762207031e+01 1.074365155352566617e-14
3.341033589094877243e-03 1.999960327148437500e+01 7.350345240233688293e-14
3.403743728995323181e-03 1.999961090087890625e+01 1.867600990307013986e-13
3.436380997300148010e-03 1.999960136413574219e+01 3.581054181488185773e-13
3.489336697384715080e-03 1.999959754943847656e+01 5.046900397598363952e-13
3.503400599583983421e-03 1.999959373474121094e+01 6.900952790982184393e-13
3.425010712817311287e-03 1.999959945678710938e+01 8.504866190646442892e-13
3.364020492881536484e-03 1.999959564208984375e+01 9.538469189843135077e-13
3.307867329567670822e-03 1.999961662292480469e+01 1.078826156013235060e-12
3.189327660948038101e-03 1.999962997436523438e+01 1.077202237999286272e-12
3.092423547059297562e-03 1.999965286254882812e+01 1.045487156049740296e-12
2.930104034021496773e-03 1.999966430664062500e+01 1.003721953642122688e-12
2.746855840086936951e-03 1.999967765808105469e+01 9.461384583783760682e-13
2.575484802946448326e-03 1.999970436096191406e+01 7.968896809790182445e-13
2.342022256925702095e-03 1.999972915649414062e+01 6.372767981724369868e-13
2.140627708286046982e-03 1.999975204467773438e+01 4.818796728832397402e-13
1.951997750438749790e-03 1.999976921081542969e+01 3.491274381140635485e-13
1.708969124592840672e-03 1.999979782104492188e+01 2.306360668852952545e-13
1.521285856142640114e-03 1.999982452392578125e+01 1.390594860399205213e-13
1.318377209827303886e-03 1.999984741210937500e+01 6.884189805668114448e-14
1.119865686632692814e-03 1.999987030029296875e+01 2.579587341259778621e-14
9.151739068329334259e-04 1.999989318847656250e+01 4.937562996133867607e-15
7.524485117755830288e-04 1.999991416931152344e+01 6.576126236210462603e-17
5.844323895871639252e-04 1.999993324279785156e+01 5.356084516471059168e-15
4.407576343510299921e-04 1.999994659423828125e+01 1.385462060967410439e-14
3.168356488458812237e-04 1.999996376037597656e+01 2.292030328282079060e-14
2.139253920176997781e-04 1.999997711181640625e+01 2.419119998721061537e-14
1.319420844083651900e-04 1.999998474121093750e+01 2.138052274558866622e-14
7.170891331043094397e-05 1.999999237060546875e+01 1.535181825954891333e-14
3.368637771927751601e-05 1.999999618530273438e+01 6.242349912259810563e-15
1.783559127943590283e-05 1.999999809265136719e+01 5.203897259804931771e-16
2.450531246722675860e-05 1.999999809265136719e+01 2.110974452355983237e-15
5.201355816097930074e-05 1.999999427795410156e+01 1.500946278886177571e-14
9.894339018501341343e-05 1.999998855590820312e+01 4.173904941833818383e-14
1.628004247322678566e-04 1.999998283386230469e+01 8.067234624460975501e-14
2.482817217241972685e-04 1.999997329711914062e+01 1.405560780612380434e-13
3.442206943873316050e-04 1.999996185302734375e+01 2.001597672329769040e-13
4.532575549092143774e-04 1.999994659423828125e+01 2.946958540910038504e-13
5.722368950955569744e-04 1.999993515014648438e+01 3.587996056948067336e-13
7.000969490036368370e-04 1.999991989135742188e+01 4.019724277829622716e-13
8.364933892153203487e-04 1.999990463256835938e+01 4.571088516383547962e-13
9.816314559429883957e-04 1.999988937377929688e+01 4.747552177775116178e-13
1.132185454480350018e-03 1.999987411499023438e+01 4.593731536654821479e-13
1.250715926289558411e-03 1.999985504150390625e+01 4.257992341962640870e-13
1.373364822939038277e-03 1.999983406066894531e+01 3.691368499932068392e-13
1.508357119746506214e-03 1.999982452392578125e+01 2.834741718703986946e-13
1.634311163797974586e-03 1.999981117248535156e+01 2.027170071345826829e-13
1.713976147584617138e-03 1.999979782104492188e+01 1.164428525390198699e-13
1.843931851908564568e-03 1.999979209899902344e+01 4.821979675360271722e-14
1.940588699653744698e-03 1.999977874755859375e+01 7.022474032944599209e-15
1.974483719095587730e-03 1.999976921081542969e+01 4.031545639048093183e-15
2.052661031484603882e-03 1.999975585937500000e+01 4.728554990596732510e-14
2.108938060700893402e-03 1.999975967407226562e+01 1.469392505891106704e-13
2.089767018333077431e-03 1.999975395202636719e+01 2.840107164205074586e-13
2.142291981726884842e-03 1.999975395202636719e+01 4.681484692091453237e-13
2.113046124577522278e-03 1.999975395202636719e+01 7.095626169961732899e-13
2.068847883492708206e-03 1.999975395202636719e+01 9.961975905650732876e-13
2.050745300948619843e-03 1.999976730346679688e+01 1.188225299403322666e-12
1.977933105081319809e-03 1.999977493286132812e+01 1.447020021166922632e-12
1.905435812659561634e-03 1.999978256225585938e+01 1.652182730904616648e-12
1.853595837019383907e-03 1.999978828430175781e+01 1.964324536363193374e-12
1.733933109790086746e-03 1.999979782104492188e+01 2.074253529354974646e-12
1.639465685002505779e-03 1.999981117248535156e+01 2.206405197435756804e-12
1.534806448034942150e-03 1.999982643127441406e+01 2.058314239536396251e-12
1.411469187587499619e-03 1.999983787536621094e+01 2.133283567157251426e-12
1.296480419114232063e-03 1.999984931945800781e+01 1.862325398060971082e-12
1.166459405794739723e-03 1.999986648559570312e+01 1.704612145880801677e-12
1.028997125104069710e-03 1.999988365173339844e+01 1.529103232922324196e-12
9.127428056672215462e-04 1.999989700317382812e+01 1.313920218286301900e-12
7.848348468542098999e-04 1.999991035461425781e+01 1.125330514537004056e-12
6.565148942172527313e-04 1.999992561340332031e+01 8.549558630499554113e-13
5.475904326885938644e-04 1.999993896484375000e+01 6.545414709367702866e-13
4.388027882669121027e-04 1.999995040893554688e+01 4.764126918486988327e-13
3.428276395425200462e-04 1.999996376037597656e+01 3.020698112216751996e-13
2.515939413569867611e-04 1.999997138977050781e+01 2.079331851015733812e-13
1.807739899959415197e-04 1.999998092651367188e+01 1.156362738853264349e-13
1.152484037447720766e-04 1.999998855590820312e+01 5.784131176410009512e-14
6.751739419996738434e-05 1.999999237060546875e+01 2.204641092080905640e-14
3.301860851934179664e-05 1.999999618530273438e+01 5.934331463188467770e-15
1.244575923919910565e-05 1.999999809265136719e+01 5.669369392891955572e-16
6.684920663246884942e-06 2.000000000000000000e+01 1.154859543363090033e-16
1.508759851276408881e-05 1.999999809265136719e+01 6.312610448201607521e-16
3.691590245580300689e-05 1.999999618530273438e+01 4.463429527644694958e-16
7.203396671684458852e-05 1.999999237060546875e+01 1.393349676770867806e-17
1.199837643071077764e-04 1.999998664855957031e+01 2.255099014155433762e-15
1.774233387550339103e-04 1.999997901916503906e+01 1.185434891660128512e-14
2.461923286318778992e-04 1.999997138977050781e+01 3.371741701487830645e-14
3.224969550501555204e-04 1.999996185302734375e+01 7.443062144266501812e-14
4.055795143358409405e-04 1.999995231628417969e+01 1.462079020136605734e-13
4.941496881656348705e-04 1.999994277954101562e+01 2.310884502417648312e-13
5.812360323034226894e-04 1.999993133544921875e+01 3.575776014261983216e-13
6.821148563176393509e-04 1.999992179870605469e+01 4.896841938016593954e-13
7.719675195403397083e-04 1.999990844726562500e+01 6.832990662002103033e-13
8.577386615797877312e-04 1.999990081787109375e+01 8.401703811833360902e-13
9.640569915063679218e-04 1.999988937377929688e+01 1.045370495895980856e-12
1.028742641210556030e-03 1.999988174438476562e+01 1.317112217902316473e-12
1.100258901715278625e-03 1.999987220764160156e+01 1.478534634134776038e-12
1.172110438346862793e-03 1.999986267089843750e+01 1.587677580551505319e-12
1.231418806128203869e-03 1.999985885620117188e+01 1.763495924810010163e-12
1.271013286896049976e-03 1.999985313415527344e+01 1.861024789134857471e-12
1.307091908529400826e-03 1.999984931945800781e+01 1.838206670212727545e-12
1.330213272012770176e-03 1.999984931945800781e+01 1.881561313005208902e-12
1.359996851533651352e-03 1.999984550476074219e+01 1.679831512606255739e-12
1.376033644191920757e-03 1.999984359741210938e+01 1.675500016506958900e-12
1.328749582171440125e-03 1.999984931945800781e+01 1.368791256554924285e-12
1.319574541412293911e-03 1.999984931945800781e+01 1.312509020738594767e-12
1.300850883126258850e-03 1.999985122680664062e+01 1.083074927486771255e-12
1.251662266440689564e-03 1.999985504150390625e+01 9.184044583859796163e-13
1.200531492941081524e-03 1.999985885620117188e+01 7.587633863229137354e-13
1.129271346144378185e-03 1.999987030029296875e+01 5.891833787345646112e-13
1.063720090314745903e-03 1.999987792968750000e+01 4.187884034782124454e-13
9.847268229350447655e-04 1.999988365173339844e+01 2.780174907564963993e-13
9.117381414398550987e-04 1.999988937377929688e+01 1.742641133391925612e-13
8.344267844222486019e-04 1.999990081787109375e+01 9.281732148277641037e-14
7.514781318604946136e-04 1.999991035461425781e+01 4.154945633968835927e-14
6.700641824863851070e-04 1.999992179870605469e+01 1.243376349823648377e-14
5.843212129548192024e-04 1.999993133544921875e+01 9.677583297649692239e-16
5.075479275546967983e-04 1.999993896484375000e+01 1.570032001305956496e-15
4.337244317866861820e-04 1.999995040893554688e+01 9.157999947034985155e-15
3.575827577151358128e-04 1.999995994567871094e+01 1.810505480888575935e-14
