1.212749746628105640e-03 5.699995605468750000e+03 1.634576848874580435e-11
1.357232336886227131e-03 5.699994628906250000e+03 2.913960392425529733e-11
1.880245283246040344e-03 5.699993164062500000e+03 4.602155115329686907e-11
2.312332857400178909e-03 5.699990722656250000e+03 6.737325281003236910e-11
2.604023320600390434e-03 5.699989257812500000e+03 9.875351231203310931e-11
3.287777304649353027e-03 5.699988281250000000e+03 1.466458204868459347e-10
3.870459273457527161e-03 5.699985351562500000e+03 1.995488496664421518e-10
4.467148799449205399e-03 5.699982910156250000e+03 2.742046589787605626e-10
5.180029198527336121e-03 5.699980957031250000e+03 3.581892837889455450e-10
5.682663992047309875e-03 5.699978027343750000e+03 4.692484734114543699e-10
6.746246479451656342e-03 5.699974609375000000e+03 6.070535740754223752e-10
7.554597686976194382e-03 5.699972656250000000e+03 7.830119330698437352e-10
8.902069181203842163e-03 5.699969238281250000e+03 9.763869712742234697e-10
9.096486493945121765e-03 5.699965332031250000e+03 1.223510626147117364e-09
1.017470099031925201e-02 5.699960937500000000e+03 1.492548085124667523e-09
1.131048705428838730e-02 5.699958007812500000e+03 1.780687597374708275e-09
1.282700337469577789e-02 5.699953613281250000e+03 2.201780535671105099e-09
1.406199857592582703e-02 5.699948730468750000e+03 2.764365403251645148e-09
1.533473934978246689e-02 5.699944824218750000e+03 3.195838926828287185e-09
1.767415553331375122e-02 5.699940429687500000e+03 3.872935305793134830e-09
1.860729418694972992e-02 5.699934570312500000e+03 4.417882948359874717e-09
1.993388682603836060e-02 5.699925781250000000e+03 5.173045991568869795e-09
2.171928063035011292e-02 5.699923339843750000e+03 6.173043853863191543e-09
2.321086451411247253e-02 5.699918457031250000e+03 7.219980169281825511e-09
2.509960159659385681e-02 5.699913085937500000e+03 8.334231971218741819e-09
2.667838148772716522e-02 5.699907226562500000e+03 9.656436539273727249e-09
2.887360379099845886e-02 5.699899414062500000e+03 1.143662409219814435e-08
3.009039536118507385e-02 5.699890625000000000e+03 1.239203228919905087e-08
3.405677899718284607e-02 5.699883300781250000e+03 1.511208935767172079e-08
3.473256528377532959e-02 5.699874511718750000e+03 1.704560226301055081e-08
3.838093578815460205e-02 5.699870605468750000e+03 1.847892150408370071e-08
4.064181447029113770e-02 5.699858886718750000e+03 2.107894481184757751e-08
4.260050505399703979e-02 5.699853515625000000e+03 2.402558330061310699e-08
4.590082913637161255e-02 5.699841308593750000e+03 2.664572740229687042e-08
4.874995723366737366e-02 5.699828125000000000e+03 3.044292284926086722e-08
4.954489693045616150e-02 5.699827148437500000e+03 3.388206692989115254e-08
5.416466295719146729e-02 5.699810546875000000e+03 3.698898609627576661e-08
5.695104226469993591e-02 5.699805664062500000e+03 4.201363168476746068e-08
6.123989075422286987e-02 5.699793457031250000e+03 4.781746909543471702e-08
6.261330842971801758e-02 5.699783691406250000e+03 5.086393883857454057e-08
6.661055982112884521e-02 5.699774902343750000e+03 5.641683742396708112e-08
7.024462521076202393e-02 5.699764160156250000e+03 6.279272923848111532e-08
7.528387755155563354e-02 5.699752929687500000e+03 6.814929065512842499e-08
7.773488759994506836e-02 5.699742187500000000e+03 7.486239184117948753e-08
8.227816224098205566e-02 5.699728515625000000e+03 8.293155673300134367e-08
8.330222964286804199e-02 5.699721679687500000e+03 9.163219516494791606e-08
8.769249171018600464e-02 5.699702636718750000e+03 9.737738082549185492e-08
9.025166928768157959e-02 5.699689941406250000e+03 1.065958912249698187e-07
1.022756695747375488e-01 5.699673828125000000e+03 1.158778104581870139e-07
1.023254692554473877e-01 5.699664062500000000e+03 1.224812535838282201e-07
1.053600013256072998e-01 5.699650390625000000e+03 1.350594232008006657e-07
1.081836894154548645e-01 5.699641113281250000e+03 1.436460763670766028e-07
1.145262643694877625e-01 5.699625976562500000e+03 1.583839548402465880e-07
1.209516674280166626e-01 5.699611328125000000e+03 1.678555747730570147e-07
1.270911842584609985e-01 5.699596191406250000e+03 1.825583950676445966e-07
1.308503299951553345e-01 5.699579589843750000e+03 2.018048661511784303e-07
1.308420151472091675e-01 5.699567871093750000e+03 2.098385039062122814e-07
1.393626481294631958e-01 5.699557617187500000e+03 2.265980327820216189e-07
1.397794187068939209e-01 5.699535156250000000e+03 2.402336178874975303e-07
1.417149603366851807e-01 5.699513671875000000e+03 2.631715005918522365e-07
1.518953740596771240e-01 5.699495605468750000e+03 2.738447619776707143e-07
1.533697545528411865e-01 5.699493652343750000e+03 2.960321694445156027e-07
1.592524051666259766e-01 5.699472167968750000e+03 3.142780258258426329e-07
1.687928438186645508e-01 5.699479492187500000e+03 3.363276732670783531e-07
1.703105270862579346e-01 5.699440917968750000e+03 3.530423953179706587e-07
1.758648157119750977e-01 5.699417480468750000e+03 3.695611781040497590e-07
1.876507401466369629e-01 5.699399902343750000e+03 4.001377078566292766e-07
1.843522936105728149e-01 5.699388183593750000e+03 4.170715328655205667e-07
1.993038356304168701e-01 5.699360839843750000e+03 4.565988831473077880e-07
1.977534145116806030e-01 5.699346191406250000e+03 4.876339403381280135e-07
2.041248530149459839e-01 5.699336914062500000e+03 5.202918487157148775e-07
2.141701877117156982e-01 5.699305664062500000e+03 5.529158215722418390e-07
2.234106361865997314e-01 5.699288574218750000e+03 5.692056106454401743e-07
2.295458763837814331e-01 5.699281738281250000e+03 5.814436008222401142e-07
2.289132475852966309e-01 5.699254394531250000e+03 6.299229653450311162e-07
2.382943332195281982e-01 5.699228027343750000e+03 6.753641628165496513e-07
2.479568719863891602e-01 5.699189941406250000e+03 7.086462119332281873e-07
2.509959340095520020e-01 5.699173828125000000e+03 7.600704634569410700e-07
2.682016491889953613e-01 5.699161621093750000e+03 7.795165402058046311e-07
2.681680917739868164e-01 5.699149414062500000e+03 8.239289854827802628e-07
2.835642695426940918e-01 5.699106933593750000e+03 8.384147349715931341e-07
2.787510156631469727e-01 5.699094238281250000e+03 9.084581051865825430e-07
2.857487499713897705e-01 5.699078613281250000e+03 9.714451607578666881e-07
3.046039342880249023e-01 5.699056640625000000e+03 1.023234744934597984e-06
3.059138953685760498e-01 5.699026855468750000e+03 1.085118924493144732e-06
3.085784018039703369e-01 5.699009765625000000e+03 1.145520855061477050e-06
3.224093914031982422e-01 5.698970703125000000e+03 1.189906470244750381e-06
3.257670104503631592e-01 5.698966796875000000e+03 1.241794052475597709e-06
3.294363915920257568e-01 5.698929199218750000e+03 1.273771090382069815e-06
3.376961350440979004e-01 5.698930175781250000e+03 1.401465965500392485e-06
3.619767427444458008e-01 5.698887207031250000e+03 1.374046973978693131e-06
3.684046864509582520e-01 5.698831542968750000e+03 1.493234776717144996e-06
3.540379405021667480e-01 5.698826660156250000e+03 1.574279735905292910e-06
3.798828721046447754e-01 5.698800781250000000e+03 1.625652657821774483e-06
3.946494460105895996e-01 5.698793945312500000e+03 1.700543180049862713e-06
3.966007530689239502e-01 5.698740722656250000e+03 1.808606384656741284e-06
4.014238417148590088e-01 5.698736816406250000e+03 1.824239689085516147e-06
4.235024154186248779e-01 5.698678222656250000e+03 1.956481355591677129e-06
4.287242889404296875e-01 5.698684570312500000e+03 2.004898760787909850e-06
4.082757234573364258e-01 5.698636718750000000e+03 2.055160848613013513e-06
4.325404763221740723e-01 5.698597656250000000e+03 2.112027459588716738e-06
4.454876780509948730e-01 5.698605468750000000e+03 2.290811607963405550e-06
4.542421698570251465e-01 5.698529785156250000e+03 2.419276370346779004e-06
4.674369692802429199e-01 5.698493164062500000e+03 2.521543365219258703e-06
4.542167186737060547e-01 5.698460937500000000e+03 2.706510940697626211e-06
4.706969559192657471e-01 5.698463378906250000e+03 2.719130179684725590e-06
4.810842275619506836e-01 5.698412597656250000e+03 2.784988737403182313e-06
4.910649955272674561e-01 5.698383300781250000e+03 2.861966322598163970e-06
5.304749011993408203e-01 5.698367187500000000e+03 3.034806468349415809e-06
5.081077814102172852e-01 5.698349121093750000e+03 3.146662038489012048e-06
5.350916385650634766e-01 5.698285644531250000e+03 3.258614697188022546e-06
5.519607067108154297e-01 5.698256835937500000e+03 3.474051482044160366e-06
5.403752326965332031e-01 5.698241699218750000e+03 3.656394937934237532e-06
5.613243579864501953e-01 5.698177734375000000e+03 3.755533043658942915e-06
5.662332773208618164e-01 5.698189941406250000e+03 3.863767233269754797e-06
5.816118717193603516e-01 5.698130859375000000e+03 3.967556040151976049e-06
6.021760702133178711e-01 5.698149902343750000e+03 4.209335202176589519e-06
5.844116806983947754e-01 5.698005371093750000e+03 4.389370133139891550e-06
6.242077350616455078e-01 5.698000976562500000e+03 4.570594683173112571e-06
6.018980145454406738e-01 5.697945800781250000e+03 4.626282134267967194e-06
6.535378098487854004e-01 5.697960449218750000e+03 4.759118837682763115e-06
6.562256813049316406e-01 5.697933105468750000e+03 4.795365839527221397e-06
6.889695525169372559e-01 5.697893066406250000e+03 5.322673132468480617e-06
6.684245467185974121e-01 5.697850585937500000e+03 5.306931143422843888e-06
6.894329190254211426e-01 5.697840332031250000e+03 5.494192009791731834e-06
7.268824577331542969e-01 5.697756835937500000e+03 5.602794772130437195e-06
7.146665453910827637e-01 5.697706542968750000e+03 6.044123892934294418e-06
7.031866312026977539e-01 5.697643554687500000e+03 6.091918294259812683e-06
7.767742276191711426e-01 5.697645507812500000e+03 6.214949735294794664e-06
7.403852343559265137e-01 5.697611328125000000e+03 6.534535259561380371e-06
7.817304134368896484e-01 5.697531250000000000e+03 6.760571523045655340e-06
7.912530899047851562e-01 5.697500976562500000e+03 6.999157449172344059e-06
7.915097475051879883e-01 5.697515625000000000e+03 7.211351203295635059e-06
8.112498521804809570e-01 5.697457031250000000e+03 7.269436537171714008e-06
8.304380774497985840e-01 5.697357910156250000e+03 7.959161848702933639e-06
8.377991914749145508e-01 5.697397949218750000e+03 8.011886166059412062e-06
8.440412282943725586e-01 5.697267089843750000e+03 8.156349394994322211e-06
8.362708687782287598e-01 5.697274902343750000e+03 8.439734301646240056e-06
8.748509287834167480e-01 5.697205078125000000e+03 8.613344107288867235e-06
8.881613016128540039e-01 5.697209960937500000e+03 8.998307748697698116e-06
9.101058244705200195e-01 5.697153320312500000e+03 9.501869499217718840e-06
9.021253585815429688e-01 5.697073242187500000e+03 9.854616109805647284e-06
8.901436328887939453e-01 5.697054687500000000e+03 9.889118700812105089e-06
9.569692611694335938e-01 5.697074218750000000e+03 1.008432991511654109e-05
9.631733894348144531e-01 5.697043457031250000e+03 1.062824503605952486e-05
9.466658830642700195e-01 5.696927734375000000e+03 1.062875344359781593e-05
1.005666971206665039e+00 5.696977050781250000e+03 1.120987781177973375e-05
9.876869916915893555e-01 5.696846191406250000e+03 1.115307350119110197e-05
1.009308576583862305e+00 5.696787597656250000e+03 1.209773654409218580e-05
1.004107952117919922e+00 5.696782714843750000e+03 1.213858195114880800e-05
1.049694299697875977e+00 5.696675292968750000e+03 1.258612883248133585e-05
1.039460539817810059e+00 5.696629394531250000e+03 1.289511146751465276e-05
1.067469835281372070e+00 5.696566406250000000e+03 1.270677603315562010e-05
1.062759399414062500e+00 5.696512695312500000e+03 1.310260813625063747e-05
1.119509935379028320e+00 5.696581054687500000e+03 1.382471145916497335e-05
1.096885204315185547e+00 5.696433593750000000e+03 1.395075014443136752e-05
1.152518868446350098e+00 5.696380371093750000e+03 1.467421589040895924e-05
1.149154543876647949e+00 5.696396972656250000e+03 1.541316669317893684e-05
1.188490390777587891e+00 5.696315429687500000e+03 1.524670005892403424e-05
1.172405123710632324e+00 5.696267089843750000e+03 1.546065504953730851e-05
1.218114376068115234e+00 5.696234375000000000e+03 1.633516512811183929e-05
1.192779183387756348e+00 5.696268066406250000e+03 1.675587736826855689e-05
1.180418610572814941e+00 5.696068847656250000e+03 1.680757850408554077e-05
1.220684528350830078e+00 5.696088378906250000e+03 1.806339969334658235e-05
1.269012093544006348e+00 5.696123046875000000e+03 1.839376818679738790e-05
1.295137882232666016e+00 5.695847656250000000e+03 1.878368129837326705e-05
1.294256329536437988e+00 5.695891601562500000e+03 1.928898927872069180e-05
1.332299470901489258e+00 5.695846191406250000e+03 2.011311153182759881e-05
1.323001503944396973e+00 5.695729492187500000e+03 2.037660306086763740e-05
1.330742120742797852e+00 5.695791503906250000e+03 2.103344377246685326e-05
1.365065574645996094e+00 5.695690429687500000e+03 2.131903056579176337e-05
1.375560998916625977e+00 5.695622558593750000e+03 2.160000985895749182e-05
1.300632715225219727e+00 5.695560058593750000e+03 2.263307578687090427e-05
1.453039884567260742e+00 5.695405761718750000e+03 2.209444573963992298e-05
1.387878775596618652e+00 5.695509765625000000e+03 2.352026240259874612e-05
1.374393939971923828e+00 5.695364257812500000e+03 2.429043706797529012e-05
1.447145938873291016e+00 5.695237792968750000e+03 2.514400330255739391e-05
1.446107745170593262e+00 5.695363281250000000e+03 2.550785211496986449e-05
1.467765688896179199e+00 5.695176757812500000e+03 2.617840618768241256e-05
1.548282742500305176e+00 5.695202636718750000e+03 2.716081507969647646e-05
1.488675594329833984e+00 5.695187500000000000e+03 2.716531162150204182e-05
1.579346418380737305e+00 5.694948730468750000e+03 2.833392136381007731e-05
1.632283449172973633e+00 5.694869140625000000e+03 2.827708885888569057e-05
1.631331443786621094e+00 5.694949218750000000e+03 2.975400821014773101e-05
1.561536788940429688e+00 5.694844726562500000e+03 2.981105171784292907e-05
1.607031822204589844e+00 5.694662597656250000e+03 3.034134533663745970e-05
1.608360409736633301e+00 5.694730468750000000e+03 3.202497828169725835e-05
1.632886052131652832e+00 5.694682617187500000e+03 3.201579238520935178e-05
1.707589149475097656e+00 5.694627929687500000e+03 3.318548260722309351e-05
1.716335296630859375e+00 5.694518554687500000e+03 3.375426967977546155e-05
1.733996987342834473e+00 5.694453125000000000e+03 3.470339288469403982e-05
1.787593722343444824e+00 5.694434082031250000e+03 3.637807822087779641e-05
1.794163942337036133e+00 5.694301757812500000e+03 3.687022399390116334e-05
1.744867324829101562e+00 5.694285156250000000e+03 3.722869223565794528e-05
1.817426323890686035e+00 5.694433593750000000e+03 3.836246833088807762e-05
1.755469083786010742e+00 5.694292968750000000e+03 3.998274041805416346e-05
1.847781181335449219e+00 5.694155761718750000e+03 3.979978646384552121e-05
1.835696697235107422e+00 5.694030761718750000e+03 4.062349398736841977e-05
1.808151006698608398e+00 5.693955078125000000e+03 4.198063834337517619e-05
1.974472999572753906e+00 5.693844238281250000e+03 4.354261182015761733e-05
2.014754772186279297e+00 5.693866210937500000e+03 4.285171598894521594e-05
1.909729719161987305e+00 5.693703125000000000e+03 4.506869663600809872e-05
1.976110100746154785e+00 5.693712890625000000e+03 4.622897904482670128e-05
2.050489187240600586e+00 5.693657226562500000e+03 4.769435327034443617e-05
1.965675830841064453e+00 5.693548339843750000e+03 4.743372119264677167e-05
2.039328098297119141e+00 5.693526855468750000e+03 4.808665107702836394e-05
2.074472904205322266e+00 5.693317382812500000e+03 4.982586688129231334e-05
2.050671577453613281e+00 5.693428710937500000e+03 5.268482709652744234e-05
2.178436756134033203e+00 5.693192871093750000e+03 5.113632141728885472e-05
2.146650552749633789e+00 5.693170410156250000e+03 5.362187221180647612e-05
2.171246528625488281e+00 5.693214355468750000e+03 5.661720933858305216e-05
2.164919376373291016e+00 5.692874511718750000e+03 5.669182792189531028e-05
2.236105918884277344e+00 5.692915527343750000e+03 5.689371027983725071e-05
2.256368637084960938e+00 5.692823730468750000e+03 5.875466376892291009e-05
2.224463939666748047e+00 5.692810058593750000e+03 6.154573929961770773e-05
2.294737339019775391e+00 5.692692382812500000e+03 6.108362867962568998e-05
2.282056808471679688e+00 5.692716308593750000e+03 6.194005254656076431e-05
2.320400238037109375e+00 5.692656738281250000e+03 6.377232057275250554e-05
2.316592216491699219e+00 5.692571289062500000e+03 6.364197179209440947e-05
2.403446197509765625e+00 5.692593750000000000e+03 6.657960329903289676e-05
2.338509559631347656e+00 5.692371093750000000e+03 6.911066884640604258e-05
2.362995624542236328e+00 5.692167480468750000e+03 6.888865027576684952e-05
2.411158800125122070e+00 5.692150390625000000e+03 7.121113594621419907e-05
2.401114225387573242e+00 5.692128417968750000e+03 6.995916191954165697e-05
2.461770534515380859e+00 5.691957519531250000e+03 7.268002809723839164e-05
2.517902374267578125e+00 5.692018066406250000e+03 7.311777881113812327e-05
2.571255683898925781e+00 5.691840820312500000e+03 7.484727393602952361e-05
2.576403379440307617e+00 5.691718750000000000e+03 7.860152982175350189e-05
2.579545259475708008e+00 5.691822753906250000e+03 7.973624451551586390e-05
2.592742204666137695e+00 5.691615234375000000e+03 8.131132926791906357e-05
2.556449174880981445e+00 5.691492675781250000e+03 8.242475450970232487e-05
2.686185359954833984e+00 5.691333984375000000e+03 8.361670188605785370e-05
2.722459316253662109e+00 5.691154785156250000e+03 8.806608821032568812e-05
2.731281280517578125e+00 5.691222656250000000e+03 8.757341856835409999e-05
2.594875335693359375e+00 5.691146972656250000e+03 8.684491331223398447e-05
2.678078413009643555e+00 5.691051757812500000e+03 8.984380838228389621e-05
2.762175559997558594e+00 5.691269042968750000e+03 9.358594252262264490e-05
2.805206298828125000e+00 5.690934082031250000e+03 9.189259435515850782e-05
2.855753421783447266e+00 5.690705566406250000e+03 9.570929978508502245e-05
2.889192104339599609e+00 5.690652343750000000e+03 9.792331547942012548e-05
2.920778751373291016e+00 5.690361816406250000e+03 1.020799027173779905e-04
2.872103691101074219e+00 5.690686523437500000e+03 1.003631696221418679e-04
2.959043025970458984e+00 5.690658203125000000e+03 1.059483038261532784e-04
2.949947595596313477e+00 5.690341796875000000e+03 1.064464522642083466e-04
2.986386060714721680e+00 5.690077148437500000e+03 1.102297828765586019e-04
2.959152221679687500e+00 5.690241210937500000e+03 1.108214855776168406e-04
3.073765993118286133e+00 5.690076171875000000e+03 1.126633360399864614e-04
3.136862754821777344e+00 5.690260742187500000e+03 1.148197698057629168e-04
3.123718500137329102e+00 5.689699707031250000e+03 1.189540780615061522e-04
3.172488451004028320e+00 5.689917480468750000e+03 1.180088293040171266e-04
3.220443248748779297e+00 5.689479492187500000e+03 1.189914110000245273e-04
3.243110418319702148e+00 5.689618652343750000e+03 1.239115663338452578e-04
3.197647571563720703e+00 5.689779785156250000e+03 1.275589747820049524e-04
3.364362239837646484e+00 5.689436523437500000e+03 1.306779595324769616e-04
3.257772445678710938e+00 5.689487792968750000e+03 1.275122049264609814e-04
3.247204542160034180e+00 5.689239746093750000e+03 1.296436967095360160e-04
3.249569416046142578e+00 5.689438476562500000e+03 1.385880459565669298e-04
3.304758310317993164e+00 5.689215820312500000e+03 1.340205926680937409e-04
3.400983572006225586e+00 5.688944335937500000e+03 1.382346672471612692e-04
3.405307054519653320e+00 5.688921875000000000e+03 1.411707635270431638e-04
3.516378164291381836e+00 5.688592285156250000e+03 1.461790234316140413e-04
3.508849382400512695e+00 5.688786621093750000e+03 1.468413975089788437e-04
3.480795860290527344e+00 5.688769042968750000e+03 1.542466634418815374e-04
3.483065128326416016e+00 5.688282714843750000e+03 1.514824689365923405e-04
3.672428846359252930e+00 5.688389648437500000e+03 1.562562247272580862e-04
3.492046833038330078e+00 5.688456542968750000e+03 1.588194863870739937e-04
3.586125135421752930e+00 5.688164062500000000e+03 1.634816871955990791e-04
3.726027011871337891e+00 5.688100097656250000e+03 1.596687652636319399e-04
3.896154880523681641e+00 5.688145996093750000e+03 1.690194476395845413e-04
3.748258829116821289e+00 5.687862304687500000e+03 1.708533964119851589e-04
3.663160085678100586e+00 5.687800292968750000e+03 1.736005797283723950e-04
3.762392044067382812e+00 5.687622558593750000e+03 1.767296053003519773e-04
3.807952642440795898e+00 5.687585449218750000e+03 1.815200957935303450e-04
3.785261869430541992e+00 5.687407714843750000e+03 1.809132081689313054e-04
3.879074573516845703e+00 5.687333496093750000e+03 1.865802914835512638e-04
3.896881103515625000e+00 5.687394042968750000e+03 1.874212757684290409e-04
3.832555055618286133e+00 5.686716796875000000e+03 1.926675613503903151e-04
4.026774406433105469e+00 5.686912597656250000e+03 1.958142383955419064e-04
4.006657600402832031e+00 5.686822265625000000e+03 1.923139498103410006e-04
3.950352191925048828e+00 5.686951660156250000e+03 2.011228207265958190e-04
3.985947132110595703e+00 5.686785644531250000e+03 2.034358913078904152e-04
4.109521865844726562e+00 5.686571289062500000e+03 2.095918316626921296e-04
4.278825759887695312e+00 5.686338867187500000e+03 2.077823737636208534e-04
4.143777370452880859e+00 5.686336425781250000e+03 2.104231389239430428e-04
4.151764869689941406e+00 5.686263671875000000e+03 2.124798193108290434e-04
4.107953071594238281e+00 5.686329589843750000e+03 2.190276572946459055e-04
4.226796150207519531e+00 5.686335449218750000e+03 2.234771091025322676e-04
4.182689189910888672e+00 5.685960937500000000e+03 2.304814988747239113e-04
4.307841300964355469e+00 5.686024902343750000e+03 2.239568275399506092e-04
4.220888137817382812e+00 5.685535644531250000e+03 2.372083545196801424e-04
4.255432605743408203e+00 5.685707031250000000e+03 2.315709716640412807e-04
4.382814407348632812e+00 5.685723632812500000e+03 2.491876075509935617e-04
4.538412570953369141e+00 5.685174316406250000e+03 2.439795789541676641e-04
4.495439052581787109e+00 5.684967773437500000e+03 2.464824356138706207e-04
4.200922012329101562e+00 5.685037597656250000e+03 2.553083177190274000e-04
4.522750377655029297e+00 5.685223632812500000e+03 2.581619482953101397e-04
4.473440647125244141e+00 5.684888183593750000e+03 2.539725683163851500e-04
4.548841476440429688e+00 5.684547851562500000e+03 2.650874375831335783e-04
4.534216880798339844e+00 5.684826660156250000e+03 2.747609687503427267e-04
4.512124061584472656e+00 5.684682128906250000e+03 2.719242474995553493e-04
4.498589992523193359e+00 5.684556152343750000e+03 2.874975907616317272e-04
4.721071243286132812e+00 5.684416503906250000e+03 2.785841643344610929e-04
4.768218994140625000e+00 5.684581054687500000e+03 2.798994537442922592e-04
4.827657699584960938e+00 5.684074707031250000e+03 3.009356150869280100e-04
4.920930385589599609e+00 5.683714843750000000e+03 2.929337206296622753e-04
4.826451301574707031e+00 5.683663085937500000e+03 2.966439351439476013e-04
4.970605373382568359e+00 5.684167968750000000e+03 3.013171372003853321e-04
4.879164218902587891e+00 5.683151367187500000e+03 3.213007003068923950e-04
4.937692165374755859e+00 5.683689453125000000e+03 3.192789445165544748e-04
4.992955684661865234e+00 5.683216796875000000e+03 3.164566005580127239e-04
4.971914291381835938e+00 5.683361816406250000e+03 3.259343502577394247e-04
5.130896568298339844e+00 5.683236816406250000e+03 3.297478542663156986e-04
5.128891944885253906e+00 5.682861328125000000e+03 3.291136818006634712e-04
5.146700382232666016e+00 5.682642578125000000e+03 3.362281713634729385e-04
5.203787326812744141e+00 5.682657714843750000e+03 3.383107250556349754e-04
4.940312385559082031e+00 5.682681640625000000e+03 3.445096372161060572e-04
5.177261829376220703e+00 5.682313964843750000e+03 3.475262492429465055e-04
5.246826171875000000e+00 5.682439941406250000e+03 3.561336197890341282e-04
5.462387084960937500e+00 5.682329101562500000e+03 3.618877381086349487e-04
5.385528564453125000e+00 5.682424316406250000e+03 3.625405370257794857e-04
5.467229843139648438e+00 5.681949218750000000e+03 3.711296012625098228e-04
5.659317016601562500e+00 5.681721679687500000e+03 3.826875472441315651e-04
5.227972507476806641e+00 5.681550292968750000e+03 3.888005448970943689e-04
5.301354408264160156e+00 5.681508789062500000e+03 3.873104578815400600e-04
5.732175827026367188e+00 5.681430664062500000e+03 3.937492729164659977e-04
5.448521137237548828e+00 5.681258789062500000e+03 3.960414323955774307e-04
5.635478973388671875e+00 5.681233398437500000e+03 4.231361090205609798e-04
5.444146633148193359e+00 5.681238281250000000e+03 4.074163443874567747e-04
5.550334930419921875e+00 5.681356933593750000e+03 4.249595513101667166e-04
5.774422645568847656e+00 5.680550292968750000e+03 4.271257494110614061e-04
5.710502147674560547e+00 5.680609863281250000e+03 4.409194807521998882e-04
5.742842674255371094e+00 5.680391113281250000e+03 4.344994667917490005e-04
5.533196449279785156e+00 5.680690429687500000e+03 4.460824129637330770e-04
5.866019725799560547e+00 5.680152343750000000e+03 4.664049192797392607e-04
5.884872913360595703e+00 5.680552246093750000e+03 4.688374465331435204e-04
5.667921066284179688e+00 5.679795410156250000e+03 4.609799943864345551e-04
5.845116615295410156e+00 5.680060546875000000e+03 4.629970935638993979e-04
5.935627937316894531e+00 5.680070800781250000e+03 4.746312624774873257e-04
5.968736171722412109e+00 5.679195312500000000e+03 4.994738847017288208e-04
6.238062381744384766e+00 5.679464843750000000e+03 4.788625519722700119e-04
6.212897777557373047e+00 5.679323730468750000e+03 4.897923208773136139e-04
5.992329597473144531e+00 5.679340820312500000e+03 4.948491114191710949e-04
6.051536083221435547e+00 5.678725097656250000e+03 5.154644604772329330e-04
6.327837944030761719e+00 5.678566894531250000e+03 5.276167066767811775e-04
6.312192916870117188e+00 5.678446289062500000e+03 5.372362211346626282e-04
6.420024871826171875e+00 5.678386718750000000e+03 5.440145032480359077e-04
6.408688545227050781e+00 5.678337890625000000e+03 5.426008137874305248e-04
6.348702430725097656e+00 5.677848144531250000e+03 5.539606208913028240e-04
6.340415954589843750e+00 5.678081054687500000e+03 5.668132798746228218e-04
6.278306007385253906e+00 5.678019531250000000e+03 5.771950818598270416e-04
6.430702209472656250e+00 5.677708984375000000e+03 5.578918498940765858e-04
6.724753856658935547e+00 5.677791503906250000e+03 5.679409950971603394e-04
6.492667198181152344e+00 5.677567871093750000e+03 5.886595463380217552e-04
6.656031608581542969e+00 5.677306640625000000e+03 5.880705430172383785e-04
6.707515239715576172e+00 5.676654296875000000e+03 6.018795538693666458e-04
6.734074592590332031e+00 5.676703613281250000e+03 6.114389398135244846e-04
6.828845024108886719e+00 5.677360839843750000e+03 6.128079257905483246e-04
6.935488700866699219e+00 5.676558593750000000e+03 6.305958377197384834e-04
7.057877540588378906e+00 5.676605957031250000e+03 6.386155146174132824e-04
6.931049823760986328e+00 5.676536621093750000e+03 6.431515794247388840e-04
7.050500392913818359e+00 5.676036621093750000e+03 6.438699783757328987e-04
6.668085098266601562e+00 5.676084472656250000e+03 6.686268025077879429e-04
6.931097507476806641e+00 5.676153320312500000e+03 6.630676216445863247e-04
6.969484806060791016e+00 5.675372070312500000e+03 6.642119260504841805e-04
7.236004829406738281e+00 5.676004882812500000e+03 6.716250791214406490e-04
7.437283039093017578e+00 5.675739746093750000e+03 7.066462421789765358e-04
7.138634681701660156e+00 5.675142578125000000e+03 7.027012179605662823e-04
7.116281032562255859e+00 5.675249511718750000e+03 7.185771246440708637e-04
7.330564498901367188e+00 5.674376464843750000e+03 7.252256618812680244e-04
7.189041614532470703e+00 5.674606933593750000e+03 7.448204560205340385e-04
7.563543319702148438e+00 5.674339355468750000e+03 7.482629152946174145e-04
7.117716312408447266e+00 5.674492675781250000e+03 7.668498437851667404e-04
7.493023872375488281e+00 5.674625000000000000e+03 7.271126960404217243e-04
7.513739585876464844e+00 5.673486816406250000e+03 7.461162749677896500e-04
7.429619312286376953e+00 5.673933593750000000e+03 7.717456901445984840e-04
7.506999015808105469e+00 5.673902832031250000e+03 8.143248851411044598e-04
7.543184280395507812e+00 5.673456054687500000e+03 7.968123536556959152e-04
7.477406501770019531e+00 5.672903808593750000e+03 8.344710804522037506e-04
7.646391868591308594e+00 5.672876464843750000e+03 8.214588742703199387e-04
7.376183986663818359e+00 5.673044433593750000e+03 8.149540517479181290e-04
7.844347953796386719e+00 5.673726562500000000e+03 8.218197035603225231e-04
7.973064899444580078e+00 5.672429687500000000e+03 8.668715017847716808e-04
7.957710742950439453e+00 5.672659667968750000e+03 8.535711094737052917e-04
8.029186248779296875e+00 5.672174804687500000e+03 8.643613546155393124e-04
7.876177310943603516e+00 5.672177246093750000e+03 8.826985140331089497e-04
8.245084762573242188e+00 5.672847656250000000e+03 9.167183889076113701e-04
8.140917778015136719e+00 5.672651855468750000e+03 9.078125003725290298e-04
7.863492488861083984e+00 5.670716796875000000e+03 9.158237371593713760e-04
7.967123985290527344e+00 5.671352050781250000e+03 9.299296070821583271e-04
8.428518295288085938e+00 5.670760742187500000e+03 9.647670667618513107e-04
8.090766906738281250e+00 5.670903808593750000e+03 9.286496206186711788e-04
8.420650482177734375e+00 5.671152832031250000e+03 9.680219809524714947e-04
8.320615768432617188e+00 5.671231933593750000e+03 9.367390302941203117e-04
7.978298664093017578e+00 5.670519042968750000e+03 9.763892740011215210e-04
8.140024185180664062e+00 5.670347167968750000e+03 9.774757781997323036e-04
8.306677818298339844e+00 5.670249511718750000e+03 1.013127272017300129e-03
8.366960525512695312e+00 5.670504882812500000e+03 1.027131103910505772e-03
8.508731842041015625e+00 5.670670410156250000e+03 1.033450127579271793e-03
8.482531547546386719e+00 5.669499511718750000e+03 1.038072514347732067e-03
8.566044807434082031e+00 5.670372558593750000e+03 1.074192463420331478e-03
8.582912445068359375e+00 5.669096679687500000e+03 1.062434399500489235e-03
8.805589675903320312e+00 5.669771972656250000e+03 1.073157065548002720e-03
8.657949447631835938e+00 5.668355468750000000e+03 1.100843190215528011e-03
8.699688911437988281e+00 5.668793457031250000e+03 1.129796495661139488e-03
8.754137039184570312e+00 5.668860351562500000e+03 1.135278958827257156e-03
8.453407287597656250e+00 5.668375000000000000e+03 1.135464292019605637e-03
8.636878967285156250e+00 5.668459472656250000e+03 1.183754066005349159e-03
8.681427001953125000e+00 5.668716796875000000e+03 1.143354224041104317e-03
9.199374198913574219e+00 5.667980468750000000e+03 1.171380397863686085e-03
9.137036323547363281e+00 5.668576171875000000e+03 1.185966422781348228e-03
8.902929306030273438e+00 5.667098632812500000e+03 1.203063991852104664e-03
8.829309463500976562e+00 5.667503906250000000e+03 1.225407584570348263e-03
9.147249221801757812e+00 5.667588867187500000e+03 1.219606027007102966e-03
9.394504547119140625e+00 5.667633300781250000e+03 1.221280777826905251e-03
9.207822799682617188e+00 5.666079589843750000e+03 1.262002508156001568e-03
9.357885360717773438e+00 5.667036132812500000e+03 1.270269509404897690e-03
9.263435363769531250e+00 5.666420898437500000e+03 1.296275295317173004e-03
9.673206329345703125e+00 5.666145507812500000e+03 1.282584737055003643e-03
9.476452827453613281e+00 5.665997070312500000e+03 1.341207535006105900e-03
9.223659515380859375e+00 5.666514160156250000e+03 1.324445707723498344e-03
9.804960250854492188e+00 5.666159179687500000e+03 1.359306043013930321e-03
9.830379486083984375e+00 5.665488281250000000e+03 1.417740946635603905e-03
9.426044464111328125e+00 5.664693359375000000e+03 1.431999495252966881e-03
9.687597274780273438e+00 5.665180175781250000e+03 1.376447034999728203e-03
9.524606704711914062e+00 5.665040527343750000e+03 1.441671513020992279e-03
9.604308128356933594e+00 5.665144042968750000e+03 1.407717238180339336e-03
1.009227466583251953e+01 5.664888671875000000e+03 1.473999582231044769e-03
9.828927993774414062e+00 5.664688476562500000e+03 1.452577067539095879e-03
9.998705863952636719e+00 5.664800781250000000e+03 1.456372090615332127e-03
9.728971481323242188e+00 5.664740722656250000e+03 1.511892885901033878e-03
9.942177772521972656e+00 5.663786621093750000e+03 1.495266915298998356e-03
9.936723709106445312e+00 5.663771484375000000e+03 1.513277180492877960e-03
1.009286594390869141e+01 5.663762695312500000e+03 1.534631592221558094e-03
1.001296520233154297e+01 5.663541503906250000e+03 1.577091868966817856e-03
1.017624282836914062e+01 5.662954589843750000e+03 1.579748932272195816e-03
1.027166080474853516e+01 5.662741210937500000e+03 1.638500136323273182e-03
1.053400039672851562e+01 5.662443847656250000e+03 1.637032954022288322e-03
1.006478977203369141e+01 5.662120117187500000e+03 1.639019232243299484e-03
1.028112030029296875e+01 5.662256347656250000e+03 1.633821404539048672e-03
1.035491561889648438e+01 5.662323730468750000e+03 1.657887478359043598e-03
1.028839969635009766e+01 5.662125000000000000e+03 1.677240012213587761e-03
1.059634017944335938e+01 5.661628417968750000e+03 1.689969212748110294e-03
1.051543712615966797e+01 5.661707519531250000e+03 1.714959740638732910e-03
1.037798309326171875e+01 5.660617187500000000e+03 1.762538217008113861e-03
1.070897674560546875e+01 5.661408203125000000e+03 1.786417677067220211e-03
1.095133018493652344e+01 5.660911132812500000e+03 1.793432515114545822e-03
1.094458103179931641e+01 5.659736328125000000e+03 1.823752885684370995e-03
1.078241920471191406e+01 5.660462402343750000e+03 1.788772642612457275e-03
1.062220573425292969e+01 5.660230468750000000e+03 1.824698178097605705e-03
1.100268173217773438e+01 5.660876464843750000e+03 1.784792402759194374e-03
1.100343608856201172e+01 5.659319824218750000e+03 1.901728566735982895e-03
1.101024818420410156e+01 5.659289550781250000e+03 1.895321649499237537e-03
1.127247428894042969e+01 5.659052246093750000e+03 1.908586709760129452e-03
1.101135253906250000e+01 5.658957519531250000e+03 1.908185775391757488e-03
1.141366958618164062e+01 5.658027343750000000e+03 2.002699533477425575e-03
1.102464485168457031e+01 5.659076660156250000e+03 1.921248389407992363e-03
1.122570991516113281e+01 5.659059570312500000e+03 1.988851465284824371e-03
1.133707618713378906e+01 5.658548339843750000e+03 1.989417243748903275e-03
1.106626987457275391e+01 5.657053222656250000e+03 1.974065322428941727e-03
1.152832794189453125e+01 5.657968750000000000e+03 2.018518745899200439e-03
1.150917911529541016e+01 5.658298339843750000e+03 2.039046725258231163e-03
1.167967224121093750e+01 5.658038085937500000e+03 2.063552150502800941e-03
1.145829200744628906e+01 5.657841308593750000e+03 2.157693728804588318e-03
1.167108345031738281e+01 5.656700195312500000e+03 2.155196620151400566e-03
1.159282875061035156e+01 5.655103027343750000e+03 2.130407840013504028e-03
1.199036979675292969e+01 5.655912597656250000e+03 2.096902579069137573e-03
1.179842090606689453e+01 5.656444335937500000e+03 2.246572170406579971e-03
1.186815929412841797e+01 5.656155273437500000e+03 2.170853083953261375e-03
1.209397220611572266e+01 5.656344238281250000e+03 2.246930031105875969e-03
1.187347221374511719e+01 5.655097167968750000e+03 2.227987395599484444e-03
1.163070774078369141e+01 5.654773925781250000e+03 2.316891215741634369e-03
1.194977378845214844e+01 5.655233886718750000e+03 2.307760762050747871e-03
1.195421981811523438e+01 5.654594238281250000e+03 2.407374558970332146e-03
1.249854660034179688e+01 5.654668457031250000e+03 2.404755447059869766e-03
1.204397010803222656e+01 5.654208984375000000e+03 2.415459603071212769e-03
1.188983535766601562e+01 5.655035156250000000e+03 2.364346757531166077e-03
1.205630207061767578e+01 5.654762695312500000e+03 2.431047847494482994e-03
1.223915672302246094e+01 5.653859863281250000e+03 2.555676270276308060e-03
1.250608444213867188e+01 5.653256835937500000e+03 2.489397535100579262e-03
1.232266426086425781e+01 5.653588867187500000e+03 2.555330283939838409e-03
1.228233146667480469e+01 5.653327636718750000e+03 2.553192665800452232e-03
1.271946334838867188e+01 5.654056152343750000e+03 2.585814567282795906e-03
1.273775100708007812e+01 5.653089355468750000e+03 2.586676040664315224e-03
1.247453594207763672e+01 5.652002929687500000e+03 2.579034538939595222e-03
1.303732109069824219e+01 5.652069335937500000e+03 2.620871644467115402e-03
1.247875308990478516e+01 5.652284667968750000e+03 2.685333369299769402e-03
1.286943531036376953e+01 5.651946777343750000e+03 2.721683587878942490e-03
1.306324100494384766e+01 5.652137207031250000e+03 2.736053662374615669e-03
1.270552062988281250e+01 5.651968261718750000e+03 2.780316630378365517e-03
1.263004684448242188e+01 5.651458496093750000e+03 2.786484081298112869e-03
1.293252944946289062e+01 5.650724121093750000e+03 2.728780964389443398e-03
1.334844207763671875e+01 5.650958496093750000e+03 2.868378534913063049e-03
1.306299686431884766e+01 5.650696289062500000e+03 2.918457146733999252e-03
1.316321086883544922e+01 5.649050292968750000e+03 2.951775211840867996e-03
1.300188636779785156e+01 5.649544921875000000e+03 2.892546821385622025e-03
1.331458568572998047e+01 5.650220214843750000e+03 2.948711626231670380e-03
1.368701744079589844e+01 5.648748535156250000e+03 2.942598890513181686e-03
1.291464233398437500e+01 5.649370605468750000e+03 3.053429070860147476e-03
1.365763854980468750e+01 5.648408203125000000e+03 3.047137986868619919e-03
1.362158203125000000e+01 5.648772460937500000e+03 3.089974634349346161e-03
