1.843946985900402069e-02 2.999790039062500000e+02 0.000000000000000000e+00
2.618651650846004486e-02 2.999698181152343750e+02 0.000000000000000000e+00
3.496608138084411621e-02 2.999591979980468750e+02 0.000000000000000000e+00
4.575817286968231201e-02 2.999499816894531250e+02 0.000000000000000000e+00
5.787982046604156494e-02 2.999365234375000000e+02 0.000000000000000000e+00
7.211214303970336914e-02 2.999208679199218750e+02 0.000000000000000000e+00
8.628638833761215210e-02 2.999049072265625000e+02 0.000000000000000000e+00
1.016451120376586914e-01 2.998871765136718750e+02 0.000000000000000000e+00
1.210160702466964722e-01 2.998695983886718750e+02 0.000000000000000000e+00
1.413961350917816162e-01 2.998403015136718750e+02 0.000000000000000000e+00
1.615458428859710693e-01 2.998210144042968750e+02 0.000000000000000000e+00
1.835556030273437500e-01 2.997982177734375000e+02 0.000000000000000000e+00
2.044255882501602173e-01 2.997660522460937500e+02 0.000000000000000000e+00
2.302069216966629028e-01 2.997377014160156250e+02 0.000000000000000000e+00
2.564679086208343506e-01 2.997113647460937500e+02 0.000000000000000000e+00
2.829039394855499268e-01 2.996784973144531250e+02 0.000000000000000000e+00
3.114371895790100098e-01 2.996456298828125000e+02 0.000000000000000000e+00
3.408491015434265137e-01 2.996044006347656250e+02 0.000000000000000000e+00
3.684127628803253174e-01 2.995845947265625000e+02 0.000000000000000000e+00
4.059604108333587646e-01 2.995416870117187500e+02 0.000000000000000000e+00
4.422783553600311279e-01 2.995098266601562500e+02 0.000000000000000000e+00
4.638740420341491699e-01 2.994761657714843750e+02 0.000000000000000000e+00
5.023844838142395020e-01 2.994199218750000000e+02 0.000000000000000000e+00
5.434768199920654297e-01 2.993792419433593750e+02 0.000000000000000000e+00
5.757111310958862305e-01 2.993195190429687500e+02 0.000000000000000000e+00
6.366412639617919922e-01 2.992531433105468750e+02 0.000000000000000000e+00
6.641980409622192383e-01 2.992498168945312500e+02 0.000000000000000000e+00
7.318814396858215332e-01 2.991986694335937500e+02 0.000000000000000000e+00
7.509880661964416504e-01 2.991192321777343750e+02 0.000000000000000000e+00
8.079620599746704102e-01 2.991276855468750000e+02 0.000000000000000000e+00
8.304030299186706543e-01 2.990487365722656250e+02 0.000000000000000000e+00
8.960146307945251465e-01 2.989470825195312500e+02 0.000000000000000000e+00
9.436228871345520020e-01 2.989467773437500000e+02 0.000000000000000000e+00
9.837704896926879883e-01 2.988194885253906250e+02 0.000000000000000000e+00
1.063847780227661133e+00 2.988030090332031250e+02 0.000000000000000000e+00
1.124216437339782715e+00 2.987580871582031250e+02 0.000000000000000000e+00
1.162432074546813965e+00 2.987117309570312500e+02 0.000000000000000000e+00
1.227399468421936035e+00 2.985586853027343750e+02 0.000000000000000000e+00
1.289559125900268555e+00 2.986160583496093750e+02 0.000000000000000000e+00
1.364383101463317871e+00 2.984854736328125000e+02 0.000000000000000000e+00
1.383015513420104980e+00 2.983730468750000000e+02 0.000000000000000000e+00
1.459377050399780273e+00 2.983517150878906250e+02 0.000000000000000000e+00
1.501287817955017090e+00 2.983398132324218750e+02 0.000000000000000000e+00
1.556416392326354980e+00 2.982335815429687500e+02 0.000000000000000000e+00
1.641741871833801270e+00 2.981678161621093750e+02 0.000000000000000000e+00
1.677115321159362793e+00 2.980629882812500000e+02 0.000000000000000000e+00
1.750615119934082031e+00 2.979831848144531250e+02 0.000000000000000000e+00
1.791646838188171387e+00 2.979977416992187500e+02 0.000000000000000000e+00
1.873225212097167969e+00 2.978465576171875000e+02 0.000000000000000000e+00
1.946123480796813965e+00 2.977694091796875000e+02 0.000000000000000000e+00
2.013929128646850586e+00 2.977260131835937500e+02 0.000000000000000000e+00
2.081047534942626953e+00 2.976213989257812500e+02 0.000000000000000000e+00
2.145269155502319336e+00 2.976834411621093750e+02 0.000000000000000000e+00
2.241407632827758789e+00 2.973967590332031250e+02 0.000000000000000000e+00
2.224496126174926758e+00 2.974180297851562500e+02 0.000000000000000000e+00
2.363534450531005859e+00 2.972561340332031250e+02 0.000000000000000000e+00
2.387253284454345703e+00 2.971773071289062500e+02 0.000000000000000000e+00
2.474096775054931641e+00 2.972532348632812500e+02 0.000000000000000000e+00
2.544281721115112305e+00 2.971160583496093750e+02 0.000000000000000000e+00
2.632894992828369141e+00 2.968980102539062500e+02 0.000000000000000000e+00
2.689961433410644531e+00 2.969787597656250000e+02 0.000000000000000000e+00
2.803270816802978516e+00 2.969052734375000000e+02 0.000000000000000000e+00
2.828436613082885742e+00 2.968769531250000000e+02 0.000000000000000000e+00
2.917461872100830078e+00 2.966390075683593750e+02 0.000000000000000000e+00
2.992791175842285156e+00 2.964970397949218750e+02 0.000000000000000000e+00
3.018166780471801758e+00 2.965229187011718750e+02 0.000000000000000000e+00
3.088080167770385742e+00 2.965111389160156250e+02 0.000000000000000000e+00
3.171726703643798828e+00 2.962862548828125000e+02 0.000000000000000000e+00
3.288340330123901367e+00 2.963341979980468750e+02 0.000000000000000000e+00
3.335118055343627930e+00 2.962572326660156250e+02 0.000000000000000000e+00
3.384982824325561523e+00 2.960996093750000000e+02 0.000000000000000000e+00
3.498835802078247070e+00 2.960323181152343750e+02 0.000000000000000000e+00
3.587490320205688477e+00 2.959059448242187500e+02 0.000000000000000000e+00
3.597371816635131836e+00 2.959179077148437500e+02 0.000000000000000000e+00
3.750644922256469727e+00 2.957137145996093750e+02 0.000000000000000000e+00
3.813489913940429688e+00 2.956875610351562500e+02 0.000000000000000000e+00
3.947382688522338867e+00 2.955218505859375000e+02 0.000000000000000000e+00
3.972558498382568359e+00 2.954973144531250000e+02 0.000000000000000000e+00
4.011876583099365234e+00 2.953144836425781250e+02 0.000000000000000000e+00
4.128618717193603516e+00 2.953459472656250000e+02 0.000000000000000000e+00
4.151018142700195312e+00 2.952826232910156250e+02 0.000000000000000000e+00
4.207707405090332031e+00 2.951366271972656250e+02 0.000000000000000000e+00
4.302629470825195312e+00 2.951197204589843750e+02 0.000000000000000000e+00
4.404585838317871094e+00 2.948888549804687500e+02 0.000000000000000000e+00
4.559864997863769531e+00 2.948317260742187500e+02 0.000000000000000000e+00
4.580155849456787109e+00 2.948903503417968750e+02 0.000000000000000000e+00
4.598392009735107422e+00 2.945495300292968750e+02 0.000000000000000000e+00
4.797641754150390625e+00 2.946832580566406250e+02 0.000000000000000000e+00
4.954094886779785156e+00 2.943078918457031250e+02 0.000000000000000000e+00
4.927027225494384766e+00 2.946323547363281250e+02 0.000000000000000000e+00
4.995768547058105469e+00 2.943331298828125000e+02 0.000000000000000000e+00
5.107998847961425781e+00 2.942535400390625000e+02 0.000000000000000000e+00
5.159149169921875000e+00 2.939939575195312500e+02 0.000000000000000000e+00
5.343529701232910156e+00 2.940529479980468750e+02 0.000000000000000000e+00
5.390987396240234375e+00 2.940852050781250000e+02 0.000000000000000000e+00
5.467782020568847656e+00 2.938255310058593750e+02 0.000000000000000000e+00
5.601201534271240234e+00 2.937033691406250000e+02 0.000000000000000000e+00
5.599708557128906250e+00 2.934234008789062500e+02 0.000000000000000000e+00
5.734892845153808594e+00 2.934579162597656250e+02 0.000000000000000000e+00
5.836872100830078125e+00 2.934270629882812500e+02 0.000000000000000000e+00
5.918880939483642578e+00 2.932442932128906250e+02 0.000000000000000000e+00
6.016010761260986328e+00 2.932314758300781250e+02 0.000000000000000000e+00
5.894402503967285156e+00 2.929804687500000000e+02 0.000000000000000000e+00
6.225520610809326172e+00 2.927884216308593750e+02 0.000000000000000000e+00
6.188163280487060547e+00 2.928557434082031250e+02 0.000000000000000000e+00
6.441535472869873047e+00 2.927364807128906250e+02 0.000000000000000000e+00
6.433629989624023438e+00 2.924851379394531250e+02 0.000000000000000000e+00
6.479439258575439453e+00 2.926952514648437500e+02 0.000000000000000000e+00
6.693460941314697266e+00 2.924049377441406250e+02 0.000000000000000000e+00
6.763562679290771484e+00 2.926229858398437500e+02 0.000000000000000000e+00
6.890022277832031250e+00 2.919476318359375000e+02 0.000000000000000000e+00
6.925746440887451172e+00 2.921360168457031250e+02 0.000000000000000000e+00
6.923231124877929688e+00 2.923030090332031250e+02 0.000000000000000000e+00
7.035102367401123047e+00 2.919315490722656250e+02 0.000000000000000000e+00
7.245370864868164062e+00 2.918707275390625000e+02 0.000000000000000000e+00
7.442395687103271484e+00 2.914337463378906250e+02 0.000000000000000000e+00
7.468832492828369141e+00 2.914475708007812500e+02 0.000000000000000000e+00
7.608688354492187500e+00 2.914609375000000000e+02 0.000000000000000000e+00
7.751888275146484375e+00 2.910278930664062500e+02 0.000000000000000000e+00
7.703695297241210938e+00 2.907167968750000000e+02 0.000000000000000000e+00
7.781060218811035156e+00 2.907314147949218750e+02 0.000000000000000000e+00
8.129014015197753906e+00 2.905921020507812500e+02 0.000000000000000000e+00
8.114569664001464844e+00 2.911582641601562500e+02 0.000000000000000000e+00
8.316288948059082031e+00 2.904521789550781250e+02 0.000000000000000000e+00
8.411257743835449219e+00 2.905662841796875000e+02 0.000000000000000000e+00
8.589224815368652344e+00 2.904782714843750000e+02 0.000000000000000000e+00
8.455029487609863281e+00 2.901085205078125000e+02 0.000000000000000000e+00
8.735783576965332031e+00 2.903607788085937500e+02 0.000000000000000000e+00
8.905015945434570312e+00 2.898106689453125000e+02 0.000000000000000000e+00
9.028126716613769531e+00 2.898708496093750000e+02 0.000000000000000000e+00
9.153614044189453125e+00 2.898279113769531250e+02 0.000000000000000000e+00
9.256896972656250000e+00 2.897119445800781250e+02 0.000000000000000000e+00
9.385472297668457031e+00 2.894680786132812500e+02 0.000000000000000000e+00
9.635849952697753906e+00 2.888739013671875000e+02 0.000000000000000000e+00
9.596822738647460938e+00 2.895487060546875000e+02 0.000000000000000000e+00
9.570853233337402344e+00 2.894190063476562500e+02 0.000000000000000000e+00
9.954713821411132812e+00 2.886113281250000000e+02 0.000000000000000000e+00
9.752820014953613281e+00 2.886361694335937500e+02 0.000000000000000000e+00
1.000160980224609375e+01 2.888723144531250000e+02 0.000000000000000000e+00
1.018682479858398438e+01 2.881747741699218750e+02 0.000000000000000000e+00
1.033049011230468750e+01 2.882878723144531250e+02 0.000000000000000000e+00
1.018102359771728516e+01 2.881336364746093750e+02 0.000000000000000000e+00
1.056840610504150391e+01 2.881306762695312500e+02 0.000000000000000000e+00
1.077315807342529297e+01 2.880488891601562500e+02 0.000000000000000000e+00
1.094364643096923828e+01 2.873914794921875000e+02 0.000000000000000000e+00
1.086782646179199219e+01 2.876138610839843750e+02 0.000000000000000000e+00
1.124086475372314453e+01 2.876925964355468750e+02 0.000000000000000000e+00
1.114725208282470703e+01 2.867846374511718750e+02 0.000000000000000000e+00
1.136243724822998047e+01 2.866666259765625000e+02 0.000000000000000000e+00
1.129988861083984375e+01 2.866700744628906250e+02 0.000000000000000000e+00
1.155623245239257812e+01 2.870470886230468750e+02 0.000000000000000000e+00
1.186479568481445312e+01 2.867393188476562500e+02 0.000000000000000000e+00
1.178999900817871094e+01 2.862170715332031250e+02 0.000000000000000000e+00
1.184584999084472656e+01 2.863000793457031250e+02 0.000000000000000000e+00
1.234497261047363281e+01 2.860904846191406250e+02 0.000000000000000000e+00
1.242237567901611328e+01 2.858912353515625000e+02 0.000000000000000000e+00
1.244265460968017578e+01 2.857140502929687500e+02 0.000000000000000000e+00
1.268289470672607422e+01 2.856971435546875000e+02 0.000000000000000000e+00
1.252347660064697266e+01 2.856117248535156250e+02 0.000000000000000000e+00
1.271139144897460938e+01 2.856961669921875000e+02 0.000000000000000000e+00
1.304144477844238281e+01 2.847772827148437500e+02 0.000000000000000000e+00
1.334524917602539062e+01 2.848710021972656250e+02 0.000000000000000000e+00
1.327101993560791016e+01 2.845023498535156250e+02 0.000000000000000000e+00
1.361674499511718750e+01 2.843613891601562500e+02 0.000000000000000000e+00
1.363151073455810547e+01 2.848121948242187500e+02 0.000000000000000000e+00
1.378074932098388672e+01 2.845104980468750000e+02 0.000000000000000000e+00
1.417924594879150391e+01 2.833385925292968750e+02 0.000000000000000000e+00
1.399471759796142578e+01 2.834118347167968750e+02 0.000000000000000000e+00
1.451483154296875000e+01 2.837831420898437500e+02 0.000000000000000000e+00
1.468730449676513672e+01 2.837732238769531250e+02 0.000000000000000000e+00
1.455113601684570312e+01 2.832132568359375000e+02 0.000000000000000000e+00
1.490860557556152344e+01 2.835705871582031250e+02 0.000000000000000000e+00
1.505920314788818359e+01 2.825187683105468750e+02 0.000000000000000000e+00
1.515825271606445312e+01 2.830329284667968750e+02 0.000000000000000000e+00
1.526798248291015625e+01 2.827989501953125000e+02 0.000000000000000000e+00
1.546570205688476562e+01 2.827136230468750000e+02 0.000000000000000000e+00
1.542255496978759766e+01 2.826979675292968750e+02 0.000000000000000000e+00
1.606431770324707031e+01 2.823819580078125000e+02 0.000000000000000000e+00
1.601244163513183594e+01 2.822696533203125000e+02 0.000000000000000000e+00
1.610438537597656250e+01 2.807855224609375000e+02 0.000000000000000000e+00
1.596350860595703125e+01 2.810647583007812500e+02 0.000000000000000000e+00
1.646673393249511719e+01 2.814233093261718750e+02 0.000000000000000000e+00
1.655764961242675781e+01 2.810395507812500000e+02 0.000000000000000000e+00
1.640819168090820312e+01 2.805809631347656250e+02 0.000000000000000000e+00
1.692174339294433594e+01 2.806191101074218750e+02 0.000000000000000000e+00
1.707432174682617188e+01 2.806304016113281250e+02 0.000000000000000000e+00
1.732787132263183594e+01 2.803644104003906250e+02 0.000000000000000000e+00
1.724217605590820312e+01 2.805381469726562500e+02 0.000000000000000000e+00
1.780136108398437500e+01 2.802804870605468750e+02 0.000000000000000000e+00
1.801011657714843750e+01 2.798845825195312500e+02 0.000000000000000000e+00
1.806476593017578125e+01 2.792632751464843750e+02 0.000000000000000000e+00
1.791837310791015625e+01 2.783475036621093750e+02 0.000000000000000000e+00
1.824971008300781250e+01 2.790635986328125000e+02 0.000000000000000000e+00
1.872122764587402344e+01 2.799163208007812500e+02 0.000000000000000000e+00
1.867179489135742188e+01 2.789914245605468750e+02 0.000000000000000000e+00
1.852269172668457031e+01 2.786005249023437500e+02 0.000000000000000000e+00
1.888714027404785156e+01 2.784115600585937500e+02 0.000000000000000000e+00
1.885568618774414062e+01 2.775329895019531250e+02 0.000000000000000000e+00
1.937005615234375000e+01 2.769183044433593750e+02 0.000000000000000000e+00
1.936249923706054688e+01 2.778614196777343750e+02 0.000000000000000000e+00
1.943831634521484375e+01 2.768385925292968750e+02 0.000000000000000000e+00
2.002318191528320312e+01 2.771878967285156250e+02 0.000000000000000000e+00
2.027296829223632812e+01 2.760906066894531250e+02 0.000000000000000000e+00
2.008392143249511719e+01 2.762548522949218750e+02 0.000000000000000000e+00
2.053313064575195312e+01 2.768097534179687500e+02 0.000000000000000000e+00
2.041540145874023438e+01 2.768280334472656250e+02 0.000000000000000000e+00
2.085714912414550781e+01 2.766917419433593750e+02 0.000000000000000000e+00
2.138018417358398438e+01 2.762354431152343750e+02 0.000000000000000000e+00
2.130053138732910156e+01 2.761795043945312500e+02 0.000000000000000000e+00
2.139509963989257812e+01 2.754397888183593750e+02 0.000000000000000000e+00
2.137563896179199219e+01 2.747898254394531250e+02 0.000000000000000000e+00
2.169686508178710938e+01 2.747709960937500000e+02 0.000000000000000000e+00
2.230389213562011719e+01 2.751508483886718750e+02 0.000000000000000000e+00
2.202408409118652344e+01 2.754544677734375000e+02 0.000000000000000000e+00
2.220110893249511719e+01 2.743449707031250000e+02 0.000000000000000000e+00
2.253919029235839844e+01 2.742330932617187500e+02 0.000000000000000000e+00
2.287196159362792969e+01 2.730586547851562500e+02 0.000000000000000000e+00
2.367804336547851562e+01 2.742316589355468750e+02 0.000000000000000000e+00
2.318986701965332031e+01 2.734955444335937500e+02 0.000000000000000000e+00
2.359090232849121094e+01 2.723720092773437500e+02 0.000000000000000000e+00
2.340687179565429688e+01 2.729316711425781250e+02 0.000000000000000000e+00
2.399166488647460938e+01 2.728081970214843750e+02 0.000000000000000000e+00
2.409243011474609375e+01 2.737002563476562500e+02 0.000000000000000000e+00
2.455493927001953125e+01 2.708770446777343750e+02 0.000000000000000000e+00
2.421016120910644531e+01 2.724938964843750000e+02 0.000000000000000000e+00
2.475152015686035156e+01 2.716522827148437500e+02 0.000000000000000000e+00
2.482471275329589844e+01 2.726875610351562500e+02 0.000000000000000000e+00
2.448689651489257812e+01 2.702785644531250000e+02 0.000000000000000000e+00
2.533209037780761719e+01 2.696559143066406250e+02 0.000000000000000000e+00
2.517472648620605469e+01 2.710318298339843750e+02 0.000000000000000000e+00
2.595118713378906250e+01 2.698920593261718750e+02 0.000000000000000000e+00
2.601775169372558594e+01 2.704130859375000000e+02 0.000000000000000000e+00
2.622929954528808594e+01 2.706579589843750000e+02 0.000000000000000000e+00
2.633254814147949219e+01 2.697024230957031250e+02 0.000000000000000000e+00
2.704707336425781250e+01 2.692135314941406250e+02 0.000000000000000000e+00
2.702953147888183594e+01 2.680641784667968750e+02 0.000000000000000000e+00
2.690877342224121094e+01 2.696305847167968750e+02 0.000000000000000000e+00
2.722191810607910156e+01 2.688837585449218750e+02 0.000000000000000000e+00
2.730093193054199219e+01 2.678615722656250000e+02 0.000000000000000000e+00
2.736172676086425781e+01 2.694027709960937500e+02 0.000000000000000000e+00
2.753098106384277344e+01 2.684791564941406250e+02 0.000000000000000000e+00
2.795594024658203125e+01 2.676840515136718750e+02 0.000000000000000000e+00
2.852934837341308594e+01 2.674205017089843750e+02 0.000000000000000000e+00
2.854826545715332031e+01 2.679771728515625000e+02 0.000000000000000000e+00
2.881566047668457031e+01 2.677625732421875000e+02 0.000000000000000000e+00
2.881793594360351562e+01 2.675929870605468750e+02 0.000000000000000000e+00
2.967987632751464844e+01 2.669929199218750000e+02 0.000000000000000000e+00
2.980140876770019531e+01 2.661592712402343750e+02 0.000000000000000000e+00
2.958671379089355469e+01 2.655150451660156250e+02 0.000000000000000000e+00
3.003331565856933594e+01 2.669588623046875000e+02 0.000000000000000000e+00
3.024695777893066406e+01 2.661529541015625000e+02 0.000000000000000000e+00
3.068665313720703125e+01 2.654410095214843750e+02 0.000000000000000000e+00
3.098503494262695312e+01 2.650406494140625000e+02 0.000000000000000000e+00
3.052738761901855469e+01 2.654027099609375000e+02 0.000000000000000000e+00
3.078476905822753906e+01 2.648468933105468750e+02 0.000000000000000000e+00
3.111858367919921875e+01 2.642653503417968750e+02 0.000000000000000000e+00
3.154711723327636719e+01 2.618866577148437500e+02 0.000000000000000000e+00
3.165813827514648438e+01 2.637812805175781250e+02 0.000000000000000000e+00
3.198053550720214844e+01 2.644328918457031250e+02 0.000000000000000000e+00
3.231274032592773438e+01 2.639234924316406250e+02 0.000000000000000000e+00
3.207959365844726562e+01 2.626903076171875000e+02 0.000000000000000000e+00
3.257275390625000000e+01 2.640807189941406250e+02 0.000000000000000000e+00
3.291272735595703125e+01 2.615133056640625000e+02 0.000000000000000000e+00
3.351602172851562500e+01 2.623876647949218750e+02 0.000000000000000000e+00
3.349272155761718750e+01 2.626132202148437500e+02 0.000000000000000000e+00
3.375620651245117188e+01 2.624855041503906250e+02 0.000000000000000000e+00
3.379188537597656250e+01 2.603177185058593750e+02 0.000000000000000000e+00
3.418677902221679688e+01 2.614717102050781250e+02 0.000000000000000000e+00
3.461448669433593750e+01 2.607131042480468750e+02 0.000000000000000000e+00
3.439591979980468750e+01 2.600128173828125000e+02 0.000000000000000000e+00
3.477651977539062500e+01 2.605474243164062500e+02 0.000000000000000000e+00
3.533450698852539062e+01 2.596863098144531250e+02 0.000000000000000000e+00
3.516539764404296875e+01 2.609294433593750000e+02 0.000000000000000000e+00
3.640373992919921875e+01 2.598126220703125000e+02 0.000000000000000000e+00
3.648561859130859375e+01 2.588621215820312500e+02 0.000000000000000000e+00
3.630596542358398438e+01 2.579782104492187500e+02 0.000000000000000000e+00
3.672787857055664062e+01 2.581501770019531250e+02 0.000000000000000000e+00
3.617080307006835938e+01 2.593219299316406250e+02 0.000000000000000000e+00
3.674481964111328125e+01 2.574411315917968750e+02 0.000000000000000000e+00
3.824500656127929688e+01 2.560046691894531250e+02 0.000000000000000000e+00
3.698863220214843750e+01 2.577531127929687500e+02 0.000000000000000000e+00
3.814638519287109375e+01 2.574573669433593750e+02 0.000000000000000000e+00
3.811397933959960938e+01 2.569344177246093750e+02 0.000000000000000000e+00
3.746754455566406250e+01 2.557663879394531250e+02 0.000000000000000000e+00
3.961214447021484375e+01 2.557348480224609375e+02 0.000000000000000000e+00
3.747439575195312500e+01 2.569888000488281250e+02 0.000000000000000000e+00
3.922567749023437500e+01 2.556163635253906250e+02 0.000000000000000000e+00
3.938268280029296875e+01 2.544597167968750000e+02 0.000000000000000000e+00
4.022473907470703125e+01 2.549442901611328125e+02 0.000000000000000000e+00
3.987401962280273438e+01 2.544260711669921875e+02 0.000000000000000000e+00
4.025438308715820312e+01 2.549864959716796875e+02 0.000000000000000000e+00
4.124793624877929688e+01 2.543076324462890625e+02 0.000000000000000000e+00
4.022578811645507812e+01 2.540257110595703125e+02 0.000000000000000000e+00
4.054683685302734375e+01 2.554175415039062500e+02 0.000000000000000000e+00
4.068303680419921875e+01 2.520419006347656250e+02 0.000000000000000000e+00
4.231879806518554688e+01 2.533648986816406250e+02 0.000000000000000000e+00
4.155112457275390625e+01 2.527005462646484375e+02 0.000000000000000000e+00
4.213217163085937500e+01 2.515292968750000000e+02 0.000000000000000000e+00
4.244572448730468750e+01 2.511411743164062500e+02 0.000000000000000000e+00
4.283696365356445312e+01 2.496606597900390625e+02 0.000000000000000000e+00
4.255602264404296875e+01 2.510603179931640625e+02 0.000000000000000000e+00
4.427187347412109375e+01 2.510231323242187500e+02 0.000000000000000000e+00
4.422434234619140625e+01 2.494402770996093750e+02 0.000000000000000000e+00
4.353842163085937500e+01 2.515788879394531250e+02 0.000000000000000000e+00
4.419265747070312500e+01 2.503916625976562500e+02 0.000000000000000000e+00
4.503064346313476562e+01 2.514534301757812500e+02 0.000000000000000000e+00
4.442662429809570312e+01 2.483245849609375000e+02 0.000000000000000000e+00
4.444056701660156250e+01 2.502893676757812500e+02 0.000000000000000000e+00
4.442441940307617188e+01 2.486684265136718750e+02 0.000000000000000000e+00
4.615299987792968750e+01 2.480733642578125000e+02 0.000000000000000000e+00
4.614054107666015625e+01 2.490135498046875000e+02 0.000000000000000000e+00
4.612164688110351562e+01 2.459338073730468750e+02 0.000000000000000000e+00
4.587179946899414062e+01 2.466147460937500000e+02 0.000000000000000000e+00
4.687015914916992188e+01 2.482913970947265625e+02 0.000000000000000000e+00
4.677468872070312500e+01 2.481926727294921875e+02 0.000000000000000000e+00
4.733705139160156250e+01 2.467211761474609375e+02 0.000000000000000000e+00
4.800948715209960938e+01 2.457006835937500000e+02 0.000000000000000000e+00
4.753123855590820312e+01 2.481690063476562500e+02 0.000000000000000000e+00
4.798744964599609375e+01 2.426972351074218750e+02 0.000000000000000000e+00
4.823957443237304688e+01 2.447068328857421875e+02 0.000000000000000000e+00
4.921295547485351562e+01 2.425898590087890625e+02 0.000000000000000000e+00
4.912580871582031250e+01 2.455663146972656250e+02 0.000000000000000000e+00
4.929905700683593750e+01 2.461953277587890625e+02 0.000000000000000000e+00
4.879040145874023438e+01 2.459972839355468750e+02 0.000000000000000000e+00
4.911013031005859375e+01 2.428852539062500000e+02 0.000000000000000000e+00
4.993469619750976562e+01 2.434706878662109375e+02 0.000000000000000000e+00
5.044306564331054688e+01 2.440600738525390625e+02 0.000000000000000000e+00
5.021760177612304688e+01 2.444255828857421875e+02 0.000000000000000000e+00
5.139678192138671875e+01 2.420944824218750000e+02 0.000000000000000000e+00
5.173670578002929688e+01 2.405884857177734375e+02 0.000000000000000000e+00
5.130456924438476562e+01 2.395174560546875000e+02 0.000000000000000000e+00
5.138460922241210938e+01 2.415345306396484375e+02 0.000000000000000000e+00
5.232702636718750000e+01 2.402073516845703125e+02 0.000000000000000000e+00
5.296473312377929688e+01 2.411499328613281250e+02 0.000000000000000000e+00
5.331002807617187500e+01 2.414427947998046875e+02 0.000000000000000000e+00
5.360883712768554688e+01 2.411211090087890625e+02 0.000000000000000000e+00
5.329736328125000000e+01 2.390140075683593750e+02 0.000000000000000000e+00
5.386204528808593750e+01 2.375238189697265625e+02 0.000000000000000000e+00
5.296612548828125000e+01 2.397120971679687500e+02 0.000000000000000000e+00
5.434909820556640625e+01 2.368863220214843750e+02 0.000000000000000000e+00
5.443909454345703125e+01 2.393281860351562500e+02 0.000000000000000000e+00
5.556096649169921875e+01 2.390424194335937500e+02 0.000000000000000000e+00
5.557542419433593750e+01 2.360169219970703125e+02 0.000000000000000000e+00
5.509278106689453125e+01 2.346279907226562500e+02 0.000000000000000000e+00
5.632823944091796875e+01 2.365638732910156250e+02 0.000000000000000000e+00
5.688090896606445312e+01 2.358273315429687500e+02 0.000000000000000000e+00
5.717624282836914062e+01 2.378314514160156250e+02 0.000000000000000000e+00
5.676108551025390625e+01 2.358574676513671875e+02 0.000000000000000000e+00
5.681911087036132812e+01 2.351345062255859375e+02 0.000000000000000000e+00
5.811305618286132812e+01 2.369619445800781250e+02 0.000000000000000000e+00
5.887258911132812500e+01 2.325311584472656250e+02 0.000000000000000000e+00
5.782429122924804688e+01 2.350518798828125000e+02 0.000000000000000000e+00
5.773208618164062500e+01 2.348859863281250000e+02 0.000000000000000000e+00
5.789259719848632812e+01 2.313318176269531250e+02 0.000000000000000000e+00
5.938875198364257812e+01 2.341776428222656250e+02 0.000000000000000000e+00
5.936639022827148438e+01 2.319624938964843750e+02 0.000000000000000000e+00
5.941036224365234375e+01 2.344851531982421875e+02 0.000000000000000000e+00
6.011463928222656250e+01 2.304768066406250000e+02 0.000000000000000000e+00
6.135174942016601562e+01 2.331725769042968750e+02 0.000000000000000000e+00
6.125392150878906250e+01 2.324877014160156250e+02 0.000000000000000000e+00
6.213282775878906250e+01 2.294465484619140625e+02 0.000000000000000000e+00
6.121300888061523438e+01 2.320367279052734375e+02 0.000000000000000000e+00
6.269039916992187500e+01 2.322666625976562500e+02 0.000000000000000000e+00
6.271374893188476562e+01 2.297039337158203125e+02 0.000000000000000000e+00
6.285345458984375000e+01 2.292651824951171875e+02 0.000000000000000000e+00
6.351922225952148438e+01 2.281913146972656250e+02 0.000000000000000000e+00
6.378795242309570312e+01 2.303425598144531250e+02 0.000000000000000000e+00
6.480637359619140625e+01 2.302958374023437500e+02 0.000000000000000000e+00
6.350025939941406250e+01 2.276643218994140625e+02 0.000000000000000000e+00
6.447727966308593750e+01 2.287969665527343750e+02 0.000000000000000000e+00
6.394762802124023438e+01 2.277878723144531250e+02 0.000000000000000000e+00
6.483249664306640625e+01 2.270686340332031250e+02 0.000000000000000000e+00
6.464675140380859375e+01 2.277834014892578125e+02 0.000000000000000000e+00
6.561476135253906250e+01 2.275133666992187500e+02 0.000000000000000000e+00
6.542700958251953125e+01 2.271887512207031250e+02 0.000000000000000000e+00
6.594259643554687500e+01 2.252799987792968750e+02 0.000000000000000000e+00
6.611002349853515625e+01 2.292339935302734375e+02 0.000000000000000000e+00
6.667466735839843750e+01 2.246011047363281250e+02 0.000000000000000000e+00
6.702147674560546875e+01 2.278067169189453125e+02 0.000000000000000000e+00
6.741862487792968750e+01 2.224625091552734375e+02 0.000000000000000000e+00
6.751646423339843750e+01 2.241392211914062500e+02 0.000000000000000000e+00
6.829792022705078125e+01 2.241572723388671875e+02 0.000000000000000000e+00
6.814659118652343750e+01 2.214118652343750000e+02 0.000000000000000000e+00
6.930650329589843750e+01 2.235167694091796875e+02 0.000000000000000000e+00
7.085826873779296875e+01 2.258927612304687500e+02 0.000000000000000000e+00
6.979212951660156250e+01 2.222240142822265625e+02 0.000000000000000000e+00
6.960426330566406250e+01 2.217928314208984375e+02 0.000000000000000000e+00
6.825766754150390625e+01 2.193188323974609375e+02 0.000000000000000000e+00
6.993142700195312500e+01 2.212662048339843750e+02 0.000000000000000000e+00
7.033226013183593750e+01 2.207467803955078125e+02 0.000000000000000000e+00
7.025174713134765625e+01 2.209941101074218750e+02 0.000000000000000000e+00
6.988528442382812500e+01 2.199099578857421875e+02 0.000000000000000000e+00
7.290072631835937500e+01 2.166684722900390625e+02 0.000000000000000000e+00
7.145803070068359375e+01 2.166584320068359375e+02 0.000000000000000000e+00
7.203649902343750000e+01 2.209599456787109375e+02 0.000000000000000000e+00
7.190534973144531250e+01 2.201252288818359375e+02 0.000000000000000000e+00
7.441642761230468750e+01 2.187842102050781250e+02 0.000000000000000000e+00
7.262397003173828125e+01 2.186481933593750000e+02 0.000000000000000000e+00
7.381062316894531250e+01 2.201239471435546875e+02 0.000000000000000000e+00
7.368993377685546875e+01 2.169635467529296875e+02 0.000000000000000000e+00
7.364327239990234375e+01 2.165308380126953125e+02 0.000000000000000000e+00
7.399186706542968750e+01 2.189709472656250000e+02 0.000000000000000000e+00
7.379264068603515625e+01 2.182085876464843750e+02 0.000000000000000000e+00
7.556441497802734375e+01 2.180925598144531250e+02 0.000000000000000000e+00
7.410620880126953125e+01 2.133628540039062500e+02 0.000000000000000000e+00
7.516509246826171875e+01 2.195722961425781250e+02 0.000000000000000000e+00
7.538291168212890625e+01 2.143880157470703125e+02 0.000000000000000000e+00
7.601453399658203125e+01 2.159748535156250000e+02 0.000000000000000000e+00
7.877777099609375000e+01 2.179504547119140625e+02 0.000000000000000000e+00
7.600827789306640625e+01 2.139420166015625000e+02 0.000000000000000000e+00
7.662981414794921875e+01 2.143832092285156250e+02 0.000000000000000000e+00
7.674789428710937500e+01 2.127049560546875000e+02 0.000000000000000000e+00
7.708866119384765625e+01 2.110292358398437500e+02 0.000000000000000000e+00
7.748675537109375000e+01 2.122479248046875000e+02 0.000000000000000000e+00
7.764985656738281250e+01 2.148986816406250000e+02 0.000000000000000000e+00
7.927354431152343750e+01 2.162387390136718750e+02 0.000000000000000000e+00
7.869596099853515625e+01 2.104585266113281250e+02 0.000000000000000000e+00
7.796121215820312500e+01 2.104287567138671875e+02 0.000000000000000000e+00
7.961203002929687500e+01 2.143299255371093750e+02 0.000000000000000000e+00
8.026856994628906250e+01 2.104122772216796875e+02 0.000000000000000000e+00
8.107183837890625000e+01 2.164723510742187500e+02 0.000000000000000000e+00
7.976638793945312500e+01 2.096692047119140625e+02 0.000000000000000000e+00
8.068806457519531250e+01 2.092249145507812500e+02 0.000000000000000000e+00
8.198342895507812500e+01 2.089363861083984375e+02 0.000000000000000000e+00
8.061604309082031250e+01 2.112964477539062500e+02 0.000000000000000000e+00
7.944905090332031250e+01 2.069758911132812500e+02 0.000000000000000000e+00
8.077006530761718750e+01 2.054091644287109375e+02 0.000000000000000000e+00
8.155062103271484375e+01 2.056443786621093750e+02 0.000000000000000000e+00
8.105147552490234375e+01 2.115929107666015625e+02 0.000000000000000000e+00
8.264891052246093750e+01 2.083939971923828125e+02 0.000000000000000000e+00
8.298167419433593750e+01 2.082541961669921875e+02 0.000000000000000000e+00
8.146154022216796875e+01 2.121305694580078125e+02 0.000000000000000000e+00
8.197071838378906250e+01 2.111896820068359375e+02 0.000000000000000000e+00
8.266142272949218750e+01 2.098818359375000000e+02 0.000000000000000000e+00
8.285437774658203125e+01 2.070419616699218750e+02 0.000000000000000000e+00
8.155979156494140625e+01 2.058926391601562500e+02 0.000000000000000000e+00
8.425567626953125000e+01 2.065569763183593750e+02 0.000000000000000000e+00
8.433184814453125000e+01 2.076151123046875000e+02 0.000000000000000000e+00
8.589566802978515625e+01 2.041336822509765625e+02 0.000000000000000000e+00
8.498514556884765625e+01 2.037471466064453125e+02 0.000000000000000000e+00
8.565016174316406250e+01 2.059512176513671875e+02 0.000000000000000000e+00
8.300293731689453125e+01 2.047831573486328125e+02 0.000000000000000000e+00
8.614548492431640625e+01 2.061393280029296875e+02 0.000000000000000000e+00
8.498766326904296875e+01 2.008768920898437500e+02 0.000000000000000000e+00
8.607590484619140625e+01 2.048366394042968750e+02 0.000000000000000000e+00
8.638742065429687500e+01 2.057996826171875000e+02 0.000000000000000000e+00
8.776485443115234375e+01 2.045624084472656250e+02 0.000000000000000000e+00
8.698727416992187500e+01 2.025018463134765625e+02 0.000000000000000000e+00
8.696706390380859375e+01 2.023612060546875000e+02 0.000000000000000000e+00
8.694458007812500000e+01 2.063274078369140625e+02 0.000000000000000000e+00
8.920968627929687500e+01 2.063711090087890625e+02 0.000000000000000000e+00
8.896283721923828125e+01 2.034092407226562500e+02 0.000000000000000000e+00
8.900054931640625000e+01 2.023014526367187500e+02 0.000000000000000000e+00
8.886979675292968750e+01 1.980687866210937500e+02 0.000000000000000000e+00
8.863228607177734375e+01 2.049866333007812500e+02 0.000000000000000000e+00
8.947056579589843750e+01 2.028644104003906250e+02 0.000000000000000000e+00
9.092123413085937500e+01 2.031700897216796875e+02 0.000000000000000000e+00
8.977779388427734375e+01 1.996783905029296875e+02 0.000000000000000000e+00
8.919790649414062500e+01 2.037781524658203125e+02 0.000000000000000000e+00
8.951113128662109375e+01 2.015075836181640625e+02 0.000000000000000000e+00
8.909690856933593750e+01 2.012777404785156250e+02 0.000000000000000000e+00
9.007671356201171875e+01 2.004108276367187500e+02 0.000000000000000000e+00
8.789888763427734375e+01 2.002453765869140625e+02 0.000000000000000000e+00
9.210720062255859375e+01 1.995583648681640625e+02 0.000000000000000000e+00
9.113445281982421875e+01 1.985673522949218750e+02 0.000000000000000000e+00
9.218014526367187500e+01 2.017711181640625000e+02 0.000000000000000000e+00
9.022758483886718750e+01 1.957682342529296875e+02 0.000000000000000000e+00
9.130032348632812500e+01 1.960395965576171875e+02 0.000000000000000000e+00
9.136206054687500000e+01 2.009514923095703125e+02 0.000000000000000000e+00
9.231086730957031250e+01 1.957190856933593750e+02 0.000000000000000000e+00
9.211120605468750000e+01 2.013763580322265625e+02 0.000000000000000000e+00
9.191151428222656250e+01 1.962020568847656250e+02 0.000000000000000000e+00
9.170253753662109375e+01 1.984630432128906250e+02 0.000000000000000000e+00
9.493345642089843750e+01 1.916879119873046875e+02 0.000000000000000000e+00
9.303820037841796875e+01 2.028508758544921875e+02 0.000000000000000000e+00
9.210713195800781250e+01 1.973934936523437500e+02 0.000000000000000000e+00
9.188102722167968750e+01 1.995070648193359375e+02 0.000000000000000000e+00
9.269731903076171875e+01 1.974660644531250000e+02 0.000000000000000000e+00
9.360636901855468750e+01 1.979959716796875000e+02 0.000000000000000000e+00
9.220545196533203125e+01 1.968934173583984375e+02 0.000000000000000000e+00
9.182460021972656250e+01 1.972134552001953125e+02 0.000000000000000000e+00
9.348994445800781250e+01 1.953423309326171875e+02 0.000000000000000000e+00
9.324497985839843750e+01 1.956483001708984375e+02 0.000000000000000000e+00
9.371350097656250000e+01 1.924183654785156250e+02 0.000000000000000000e+00
9.539233398437500000e+01 1.879444885253906250e+02 0.000000000000000000e+00
9.323353576660156250e+01 1.968943176269531250e+02 0.000000000000000000e+00
9.446932983398437500e+01 1.936136474609375000e+02 0.000000000000000000e+00
9.617424774169921875e+01 1.964121551513671875e+02 0.000000000000000000e+00
9.512004089355468750e+01 1.968982238769531250e+02 0.000000000000000000e+00
9.512935638427734375e+01 1.974131774902343750e+02 0.000000000000000000e+00
9.524853515625000000e+01 1.947003326416015625e+02 0.000000000000000000e+00
9.661352539062500000e+01 1.951851501464843750e+02 0.000000000000000000e+00
9.588603210449218750e+01 1.923619079589843750e+02 0.000000000000000000e+00
9.475444030761718750e+01 1.950137786865234375e+02 0.000000000000000000e+00
9.576112365722656250e+01 1.923489227294921875e+02 0.000000000000000000e+00
9.546452331542968750e+01 1.971460266113281250e+02 0.000000000000000000e+00
9.673760986328125000e+01 1.921218261718750000e+02 0.000000000000000000e+00
9.632384490966796875e+01 1.968918457031250000e+02 0.000000000000000000e+00
9.726892852783203125e+01 1.916429901123046875e+02 0.000000000000000000e+00
9.801184082031250000e+01 1.917614898681640625e+02 0.000000000000000000e+00
