4.524150490760803223e-02 1.799935424804687500e+03 2.777193799374799710e-07
5.848300829529762268e-02 1.799914550781250000e+03 5.215748615228221752e-07
7.325427234172821045e-02 1.799890380859375000e+03 8.523033443452732172e-07
9.010509401559829712e-02 1.799858764648437500e+03 1.422386276317411102e-06
1.098610311746597290e-01 1.799831542968750000e+03 2.227768163720611483e-06
1.304841041564941406e-01 1.799793090820312500e+03 3.258048081988818012e-06
1.547540426254272461e-01 1.799749267578125000e+03 4.663848812924697995e-06
1.798343360424041748e-01 1.799703369140625000e+03 6.312114237516652793e-06
2.063143998384475708e-01 1.799655151367187500e+03 9.034001777763478458e-06
2.334298342466354370e-01 1.799590698242187500e+03 1.217724366142647341e-05
2.685412764549255371e-01 1.799535644531250000e+03 1.613701897440478206e-05
3.039276301860809326e-01 1.799484619140625000e+03 2.109102388203609735e-05
3.419034481048583984e-01 1.799410156250000000e+03 2.604987639642786235e-05
3.719450235366821289e-01 1.799340576171875000e+03 3.385587115189991891e-05
4.139589965343475342e-01 1.799274169921875000e+03 4.135030030738562346e-05
4.625782072544097900e-01 1.799185302734375000e+03 5.260046236799098551e-05
5.047345757484436035e-01 1.799094970703125000e+03 6.205389217939227819e-05
5.567210912704467773e-01 1.799003173828125000e+03 7.672098581679165363e-05
6.091621518135070801e-01 1.798925292968750000e+03 9.057778515852987766e-05
6.682558059692382812e-01 1.798823974609375000e+03 1.096724736271426082e-04
7.272005081176757812e-01 1.798704589843750000e+03 1.342768373433500528e-04
7.832620739936828613e-01 1.798576660156250000e+03 1.563772093504667282e-04
8.529285788536071777e-01 1.798497436523437500e+03 1.807063526939600706e-04
9.140413403511047363e-01 1.798322265625000000e+03 2.167377097066491842e-04
9.916397929191589355e-01 1.798212890625000000e+03 2.469801693223416805e-04
1.052895069122314453e+00 1.798044311523437500e+03 2.934463846031576395e-04
1.140391349792480469e+00 1.797928588867187500e+03 3.423977468628436327e-04
1.211522936820983887e+00 1.797782104492187500e+03 4.023600777145475149e-04
1.283319234848022461e+00 1.797628295898437500e+03 4.518188943620771170e-04
1.402104258537292480e+00 1.797466430664062500e+03 5.175521364435553551e-04
1.478134393692016602e+00 1.797334960937500000e+03 5.796974292024970055e-04
1.568271398544311523e+00 1.797121582031250000e+03 6.689612637273967266e-04
1.660345673561096191e+00 1.796922363281250000e+03 7.432805723510682583e-04
1.781272768974304199e+00 1.796649414062500000e+03 8.508523460477590561e-04
1.877342581748962402e+00 1.796539306640625000e+03 9.494797559455037117e-04
2.003645896911621094e+00 1.796244873046875000e+03 1.058677793480455875e-03
2.083888292312622070e+00 1.796062500000000000e+03 1.181616447865962982e-03
2.228891849517822266e+00 1.795856811523437500e+03 1.344181946478784084e-03
2.325860500335693359e+00 1.795634399414062500e+03 1.468179281800985336e-03
2.476631641387939453e+00 1.795432373046875000e+03 1.630622078664600849e-03
2.600913524627685547e+00 1.795330200195312500e+03 1.790287205949425697e-03
2.719323396682739258e+00 1.794901611328125000e+03 2.068848581984639168e-03
2.892296791076660156e+00 1.794729248046875000e+03 2.201403724029660225e-03
2.968714237213134766e+00 1.794512939453125000e+03 2.449920633807778358e-03
3.139432668685913086e+00 1.794139526367187500e+03 2.705476712435483932e-03
3.307720422744750977e+00 1.793956787109375000e+03 2.898165257647633553e-03
3.411180734634399414e+00 1.793646118164062500e+03 3.179725259542465210e-03
3.551789045333862305e+00 1.793344970703125000e+03 3.489887109026312828e-03
3.789068937301635742e+00 1.793075927734375000e+03 3.791983472183346748e-03
3.880018234252929688e+00 1.792926025390625000e+03 4.164787009358406067e-03
4.054375648498535156e+00 1.792439941406250000e+03 4.559932276606559753e-03
4.258800983428955078e+00 1.792114746093750000e+03 4.943553358316421509e-03
4.436320781707763672e+00 1.791848266601562500e+03 5.326699931174516678e-03
4.549232006072998047e+00 1.791424682617187500e+03 5.746010690927505493e-03
4.778912067413330078e+00 1.791172485351562500e+03 6.247537210583686829e-03
4.996352195739746094e+00 1.791035522460937500e+03 6.653891876339912415e-03
5.198405742645263672e+00 1.790560668945312500e+03 7.278688251972198486e-03
5.340830326080322266e+00 1.790190551757812500e+03 7.831086404621601105e-03
5.473356246948242188e+00 1.789696411132812500e+03 8.326320908963680267e-03
5.719418525695800781e+00 1.789531372070312500e+03 8.832898922264575958e-03
5.870945930480957031e+00 1.789021728515625000e+03 9.470948949456214905e-03
6.152165889739990234e+00 1.788645141601562500e+03 1.035253424197435379e-02
6.399665355682373047e+00 1.788374389648437500e+03 1.093020290136337280e-02
6.488967418670654297e+00 1.788060791015625000e+03 1.162434369325637817e-02
6.747135162353515625e+00 1.787604003906250000e+03 1.216731779277324677e-02
6.991534709930419922e+00 1.787305053710937500e+03 1.323473919183015823e-02
7.144959926605224609e+00 1.787032470703125000e+03 1.421868335455656052e-02
7.444175243377685547e+00 1.786571533203125000e+03 1.476558577269315720e-02
7.686537742614746094e+00 1.786148193359375000e+03 1.606778614223003387e-02
7.837639808654785156e+00 1.785788818359375000e+03 1.684235408902168274e-02
8.124442100524902344e+00 1.785266967773437500e+03 1.760753244161605835e-02
8.363027572631835938e+00 1.784781250000000000e+03 1.869930885732173920e-02
8.618054389953613281e+00 1.784360839843750000e+03 1.983748376369476318e-02
8.801050186157226562e+00 1.783939819335937500e+03 2.144293114542961121e-02
9.104312896728515625e+00 1.783329589843750000e+03 2.233388647437095642e-02
9.326447486877441406e+00 1.782919921875000000e+03 2.334981597959995270e-02
9.547156333923339844e+00 1.782580932617187500e+03 2.488228306174278259e-02
9.858969688415527344e+00 1.781593627929687500e+03 2.614733949303627014e-02
1.006140232086181641e+01 1.781557128906250000e+03 2.769937738776206970e-02
1.028730487823486328e+01 1.781331298828125000e+03 2.911908179521560669e-02
1.060097408294677734e+01 1.780667724609375000e+03 3.073311224579811096e-02
1.097497844696044922e+01 1.780440185546875000e+03 3.333099558949470520e-02
1.130349731445312500e+01 1.779536376953125000e+03 3.316358476877212524e-02
1.150065040588378906e+01 1.778885131835937500e+03 3.535405918955802917e-02
1.175636005401611328e+01 1.778224365234375000e+03 3.736080974340438843e-02
1.205343914031982422e+01 1.778063720703125000e+03 3.876802325248718262e-02
1.228225994110107422e+01 1.777476318359375000e+03 4.108526930212974548e-02
1.267274188995361328e+01 1.776879760742187500e+03 4.278256744146347046e-02
1.303990268707275391e+01 1.775997924804687500e+03 4.571343958377838135e-02
1.313130474090576172e+01 1.776158935546875000e+03 4.727382957935333252e-02
1.350206851959228516e+01 1.775214721679687500e+03 5.038129910826683044e-02
1.393391895294189453e+01 1.774921386718750000e+03 5.143760889768600464e-02
1.415734577178955078e+01 1.773662109375000000e+03 5.432281270623207092e-02
1.447905445098876953e+01 1.773496582031250000e+03 5.664471164345741272e-02
1.478295040130615234e+01 1.772783813476562500e+03 5.862248316407203674e-02
1.525731563568115234e+01 1.772475830078125000e+03 6.285740435123443604e-02
1.550149917602539062e+01 1.771505126953125000e+03 6.454247981309890747e-02
1.591481971740722656e+01 1.771155761718750000e+03 6.867010146379470825e-02
1.634347343444824219e+01 1.770555786132812500e+03 6.945637613534927368e-02
1.649403190612792969e+01 1.770373535156250000e+03 7.433816790580749512e-02
1.659192466735839844e+01 1.769007934570312500e+03 7.698590308427810669e-02
1.720334815979003906e+01 1.768437866210937500e+03 8.025792241096496582e-02
1.734904861450195312e+01 1.767995361328125000e+03 8.449520170688629150e-02
1.779957771301269531e+01 1.768148559570312500e+03 8.719706535339355469e-02
1.806884193420410156e+01 1.766427612304687500e+03 9.006755799055099487e-02
1.846095657348632812e+01 1.766613525390625000e+03 9.114860743284225464e-02
1.916815948486328125e+01 1.765686279296875000e+03 1.001167669892311096e-01
1.951213645935058594e+01 1.764371948242187500e+03 1.006553098559379578e-01
1.964426422119140625e+01 1.764152709960937500e+03 1.060193628072738647e-01
2.031523704528808594e+01 1.763328979492187500e+03 1.078563630580902100e-01
2.060091018676757812e+01 1.763182250976562500e+03 1.119260042905807495e-01
2.086877822875976562e+01 1.761732910156250000e+03 1.193651929497718811e-01
2.162949943542480469e+01 1.761253051757812500e+03 1.215287223458290100e-01
2.174425888061523438e+01 1.759887939453125000e+03 1.258777976036071777e-01
2.219894409179687500e+01 1.759629882812500000e+03 1.330199092626571655e-01
2.271536636352539062e+01 1.758304321289062500e+03 1.384690999984741211e-01
2.308557891845703125e+01 1.757624267578125000e+03 1.424056887626647949e-01
2.307991790771484375e+01 1.757542480468750000e+03 1.497824192047119141e-01
2.402916526794433594e+01 1.756084716796875000e+03 1.519487649202346802e-01
2.436142158508300781e+01 1.756074340820312500e+03 1.596608012914657593e-01
2.475864791870117188e+01 1.754561767578125000e+03 1.676686704158782959e-01
2.499786376953125000e+01 1.754284667968750000e+03 1.698082387447357178e-01
2.601205635070800781e+01 1.753104248046875000e+03 1.802431941032409668e-01
2.632680320739746094e+01 1.752526855468750000e+03 1.852383911609649658e-01
2.637276268005371094e+01 1.751959472656250000e+03 1.914130747318267822e-01
2.717940139770507812e+01 1.751251220703125000e+03 1.942125558853149414e-01
2.762607765197753906e+01 1.750245971679687500e+03 2.074981927871704102e-01
2.770605278015136719e+01 1.750049560546875000e+03 2.111024260520935059e-01
2.830195808410644531e+01 1.748466674804687500e+03 2.153849750757217407e-01
2.879964256286621094e+01 1.747731079101562500e+03 2.249520123004913330e-01
2.919692993164062500e+01 1.746471679687500000e+03 2.371680140495300293e-01
2.899859237670898438e+01 1.746192504882812500e+03 2.347725629806518555e-01
3.024707031250000000e+01 1.744241210937500000e+03 2.495504915714263916e-01
3.077157592773437500e+01 1.744528198242187500e+03 2.617566883563995361e-01
3.160713386535644531e+01 1.743587036132812500e+03 2.667939662933349609e-01
3.191670036315917969e+01 1.742461547851562500e+03 2.746419310569763184e-01
3.250052261352539062e+01 1.741375976562500000e+03 2.895132303237915039e-01
3.330081558227539062e+01 1.741122314453125000e+03 2.981160879135131836e-01
3.328989028930664062e+01 1.739654052734375000e+03 3.011163473129272461e-01
3.395662689208984375e+01 1.738294921875000000e+03 3.119596540927886963e-01
3.454041290283203125e+01 1.736403808593750000e+03 3.248024284839630127e-01
3.486589431762695312e+01 1.736451538085937500e+03 3.304012417793273926e-01
3.521503448486328125e+01 1.736003662109375000e+03 3.395949304103851318e-01
3.662167358398437500e+01 1.735162109375000000e+03 3.553224802017211914e-01
3.722522735595703125e+01 1.732987792968750000e+03 3.599095344543457031e-01
3.771126556396484375e+01 1.731881225585937500e+03 3.850255906581878662e-01
3.747953414916992188e+01 1.730703857421875000e+03 3.841927051544189453e-01
3.887942123413085938e+01 1.730203491210937500e+03 4.019607603549957275e-01
3.967461776733398438e+01 1.729230590820312500e+03 4.136581122875213623e-01
3.952559661865234375e+01 1.728428710937500000e+03 4.325380325317382812e-01
4.054763031005859375e+01 1.726635375976562500e+03 4.375819563865661621e-01
4.079538726806640625e+01 1.725666503906250000e+03 4.504798352718353271e-01
4.134220123291015625e+01 1.725957763671875000e+03 4.754227995872497559e-01
4.225478363037109375e+01 1.723451049804687500e+03 4.862811565399169922e-01
4.281281661987304688e+01 1.721323974609375000e+03 5.110006332397460938e-01
4.394232177734375000e+01 1.721786499023437500e+03 5.141465067863464355e-01
4.401008605957031250e+01 1.720331542968750000e+03 5.301061272621154785e-01
4.472737884521484375e+01 1.718746093750000000e+03 5.446014404296875000e-01
4.539627456665039062e+01 1.718679687500000000e+03 5.564871430397033691e-01
4.589149475097656250e+01 1.716780395507812500e+03 5.751113295555114746e-01
4.721625518798828125e+01 1.714866577148437500e+03 6.014884114265441895e-01
4.732052993774414062e+01 1.714481079101562500e+03 6.159504652023315430e-01
4.769451904296875000e+01 1.714038330078125000e+03 6.283301711082458496e-01
4.959814834594726562e+01 1.711671752929687500e+03 6.393517851829528809e-01
4.952033996582031250e+01 1.711162231445312500e+03 6.587730646133422852e-01
4.991225433349609375e+01 1.707409545898437500e+03 6.794725656509399414e-01
5.123509597778320312e+01 1.708286376953125000e+03 7.094507217407226562e-01
5.197970962524414062e+01 1.705979003906250000e+03 7.260268330574035645e-01
5.212640380859375000e+01 1.705850830078125000e+03 7.498468756675720215e-01
5.330402755737304688e+01 1.703649291992187500e+03 7.658176422119140625e-01
5.375416564941406250e+01 1.703003540039062500e+03 7.850913405418395996e-01
5.438821029663085938e+01 1.700706176757812500e+03 7.916345596313476562e-01
5.543310165405273438e+01 1.699569946289062500e+03 8.565035462379455566e-01
5.587273788452148438e+01 1.699152343750000000e+03 8.741596937179565430e-01
5.667154693603515625e+01 1.697461791992187500e+03 8.955320119857788086e-01
5.721028137207031250e+01 1.697011474609375000e+03 8.948913812637329102e-01
5.872876358032226562e+01 1.694657958984375000e+03 9.389942288398742676e-01
5.999231719970703125e+01 1.694013427734375000e+03 9.627516269683837891e-01
5.930786514282226562e+01 1.693344360351562500e+03 9.801682233810424805e-01
6.089313507080078125e+01 1.689813964843750000e+03 9.961040019989013672e-01
6.190037155151367188e+01 1.687103881835937500e+03 1.021546006202697754e+00
6.269699859619140625e+01 1.688075683593750000e+03 1.054571390151977539e+00
6.319218826293945312e+01 1.686210571289062500e+03 1.083929657936096191e+00
6.374558639526367188e+01 1.684512573242187500e+03 1.125873684883117676e+00
6.475801849365234375e+01 1.681991699218750000e+03 1.136661767959594727e+00
6.485512542724609375e+01 1.681302124023437500e+03 1.172018647193908691e+00
6.540609741210937500e+01 1.679389404296875000e+03 1.197074413299560547e+00
6.738710021972656250e+01 1.678137207031250000e+03 1.222164630889892578e+00
6.687503814697265625e+01 1.676074340820312500e+03 1.288740277290344238e+00
6.908361053466796875e+01 1.674770507812500000e+03 1.285622239112854004e+00
6.932083129882812500e+01 1.673646728515625000e+03 1.322298765182495117e+00
6.972080993652343750e+01 1.673275878906250000e+03 1.328322410583496094e+00
7.245066070556640625e+01 1.670959228515625000e+03 1.407020330429077148e+00
7.238052368164062500e+01 1.668940307617187500e+03 1.431087017059326172e+00
7.296290588378906250e+01 1.668062255859375000e+03 1.463535189628601074e+00
7.365337371826171875e+01 1.668584960937500000e+03 1.491870760917663574e+00
7.444221496582031250e+01 1.663276733398437500e+03 1.520528316497802734e+00
7.527274322509765625e+01 1.662169555664062500e+03 1.591060042381286621e+00
7.709207153320312500e+01 1.664784667968750000e+03 1.582691669464111328e+00
7.816660308837890625e+01 1.663008056640625000e+03 1.640334248542785645e+00
7.797526550292968750e+01 1.659507080078125000e+03 1.671450972557067871e+00
8.031340026855468750e+01 1.658831542968750000e+03 1.693404674530029297e+00
7.893782043457031250e+01 1.654626586914062500e+03 1.745956897735595703e+00
8.063964080810546875e+01 1.652813110351562500e+03 1.765324950218200684e+00
8.066358947753906250e+01 1.652926513671875000e+03 1.843177914619445801e+00
8.147631835937500000e+01 1.651061523437500000e+03 1.888588547706604004e+00
8.359384918212890625e+01 1.649979858398437500e+03 1.935813069343566895e+00
8.366344451904296875e+01 1.647552734375000000e+03 1.928062200546264648e+00
8.536746978759765625e+01 1.645353271484375000e+03 1.995930552482604980e+00
8.642341613769531250e+01 1.641509399414062500e+03 2.010883331298828125e+00
8.625126647949218750e+01 1.644800659179687500e+03 2.079816579818725586e+00
8.812609863281250000e+01 1.641567871093750000e+03 2.095477819442749023e+00
8.910285186767578125e+01 1.637174316406250000e+03 2.160789489746093750e+00
8.922050476074218750e+01 1.639838989257812500e+03 2.251174211502075195e+00
9.095391845703125000e+01 1.634947998046875000e+03 2.291759967803955078e+00
9.155290985107421875e+01 1.631559448242187500e+03 2.297734022140502930e+00
9.244901275634765625e+01 1.632890747070312500e+03 2.355218172073364258e+00
9.216081237792968750e+01 1.627568603515625000e+03 2.372489929199218750e+00
9.278734588623046875e+01 1.632010620117187500e+03 2.493099689483642578e+00
9.558853149414062500e+01 1.626362548828125000e+03 2.516604423522949219e+00
9.597891998291015625e+01 1.629908325195312500e+03 2.569720983505249023e+00
9.731784057617187500e+01 1.626554809570312500e+03 2.578642606735229492e+00
9.916017913818359375e+01 1.624107421875000000e+03 2.649322509765625000e+00
9.790199279785156250e+01 1.621750122070312500e+03 2.700542449951171875e+00
9.971427154541015625e+01 1.619890991210937500e+03 2.793304920196533203e+00
1.010299148559570312e+02 1.620507202148437500e+03 2.835962533950805664e+00
1.021117553710937500e+02 1.614699707031250000e+03 2.839948177337646484e+00
1.032814331054687500e+02 1.612706542968750000e+03 2.895436763763427734e+00
1.038023452758789062e+02 1.617078369140625000e+03 3.001308202743530273e+00
1.035357208251953125e+02 1.612429809570312500e+03 3.080848217010498047e+00
1.051651077270507812e+02 1.609226684570312500e+03 3.110281705856323242e+00
1.056473083496093750e+02 1.606353637695312500e+03 3.167428970336914062e+00
1.086840744018554688e+02 1.605215698242187500e+03 3.270313501358032227e+00
1.076911392211914062e+02 1.603289794921875000e+03 3.267579317092895508e+00
1.107570571899414062e+02 1.601451171875000000e+03 3.329555273056030273e+00
1.096117324829101562e+02 1.602034423828125000e+03 3.451993703842163086e+00
1.112992324829101562e+02 1.598945312500000000e+03 3.481309890747070312e+00
1.129817199707031250e+02 1.595604125976562500e+03 3.617658376693725586e+00
1.136942520141601562e+02 1.595976562500000000e+03 3.685039997100830078e+00
1.154905014038085938e+02 1.594825195312500000e+03 3.702955484390258789e+00
1.166352767944335938e+02 1.595372070312500000e+03 3.672317981719970703e+00
1.164430618286132812e+02 1.590121704101562500e+03 3.817509889602661133e+00
1.189491958618164062e+02 1.590184082031250000e+03 3.918868541717529297e+00
1.195085678100585938e+02 1.584274047851562500e+03 3.948562622070312500e+00
1.190624008178710938e+02 1.581072387695312500e+03 3.987999200820922852e+00
1.215156936645507812e+02 1.576641967773437500e+03 4.072466373443603516e+00
1.221709060668945312e+02 1.581744018554687500e+03 4.184897422790527344e+00
1.214342346191406250e+02 1.576792846679687500e+03 4.327307701110839844e+00
1.222989959716796875e+02 1.576529907226562500e+03 4.343260288238525391e+00
1.250213546752929688e+02 1.571864746093750000e+03 4.458930015563964844e+00
1.262400741577148438e+02 1.571883056640625000e+03 4.519153118133544922e+00
1.268191528320312500e+02 1.572121948242187500e+03 4.566002845764160156e+00
1.274874954223632812e+02 1.570402587890625000e+03 4.610954284667968750e+00
1.298193359375000000e+02 1.565762084960937500e+03 4.706522464752197266e+00
1.313410339355468750e+02 1.561783813476562500e+03 4.802594184875488281e+00
1.329230194091796875e+02 1.560207763671875000e+03 4.846200942993164062e+00
1.334062500000000000e+02 1.562765869140625000e+03 5.080816745758056641e+00
1.344876098632812500e+02 1.558017822265625000e+03 5.142343044281005859e+00
1.354618225097656250e+02 1.554856079101562500e+03 5.143926143646240234e+00
1.370669250488281250e+02 1.558273437500000000e+03 5.186346530914306641e+00
1.382851257324218750e+02 1.551032592773437500e+03 5.279119968414306641e+00
1.383888702392578125e+02 1.551288696289062500e+03 5.374478340148925781e+00
1.411270446777343750e+02 1.551755615234375000e+03 5.503448009490966797e+00
1.385444030761718750e+02 1.544692016601562500e+03 5.604391574859619141e+00
1.417562255859375000e+02 1.543410766601562500e+03 5.664149761199951172e+00
1.447376861572265625e+02 1.543062011718750000e+03 5.962022304534912109e+00
1.437407684326171875e+02 1.540294189453125000e+03 5.970012187957763672e+00
1.445706787109375000e+02 1.540455444335937500e+03 6.021074295043945312e+00
1.471978454589843750e+02 1.541202026367187500e+03 6.160410881042480469e+00
1.509248962402343750e+02 1.532718139648437500e+03 6.186221599578857422e+00
1.495592193603515625e+02 1.528367309570312500e+03 6.342171669006347656e+00
1.513764953613281250e+02 1.532660034179687500e+03 6.364821434020996094e+00
1.501376190185546875e+02 1.527043212890625000e+03 6.424511909484863281e+00
1.525745391845703125e+02 1.527108032226562500e+03 6.675927162170410156e+00
1.543547668457031250e+02 1.519707153320312500e+03 6.875902652740478516e+00
1.543145599365234375e+02 1.519190429687500000e+03 6.761476039886474609e+00
1.569179382324218750e+02 1.520511108398437500e+03 6.991657733917236328e+00
1.570765533447265625e+02 1.519193115234375000e+03 7.126152992248535156e+00
1.575350646972656250e+02 1.519768188476562500e+03 7.230972290039062500e+00
1.599491119384765625e+02 1.515857055664062500e+03 7.262054443359375000e+00
1.614933776855468750e+02 1.510417602539062500e+03 7.311351299285888672e+00
1.622129516601562500e+02 1.506581298828125000e+03 7.544465541839599609e+00
1.624039764404296875e+02 1.506985595703125000e+03 7.477193832397460938e+00
1.659789276123046875e+02 1.503972656250000000e+03 7.757245063781738281e+00
1.634896392822265625e+02 1.502095825195312500e+03 7.976858615875244141e+00
1.681605682373046875e+02 1.500472167968750000e+03 8.002774238586425781e+00
1.669276123046875000e+02 1.500581909179687500e+03 7.961676120758056641e+00
1.694558105468750000e+02 1.498574829101562500e+03 8.062258720397949219e+00
1.710768432617187500e+02 1.494743774414062500e+03 8.194628715515136719e+00
1.715251007080078125e+02 1.492260498046875000e+03 8.365481376647949219e+00
1.727567901611328125e+02 1.489566162109375000e+03 8.611979484558105469e+00
1.722046203613281250e+02 1.484748413085937500e+03 8.777384757995605469e+00
1.748140563964843750e+02 1.487742919921875000e+03 8.986035346984863281e+00
1.769740905761718750e+02 1.477216430664062500e+03 8.892887115478515625e+00
1.776128845214843750e+02 1.481454467773437500e+03 9.069914817810058594e+00
1.778753356933593750e+02 1.477811035156250000e+03 9.277989387512207031e+00
1.808228454589843750e+02 1.472828247070312500e+03 9.470241546630859375e+00
1.820064392089843750e+02 1.470463378906250000e+03 9.312531471252441406e+00
1.832292327880859375e+02 1.473284790039062500e+03 9.844999313354492188e+00
1.832529144287109375e+02 1.465615966796875000e+03 9.636194229125976562e+00
1.888766174316406250e+02 1.467607177734375000e+03 9.979647636413574219e+00
1.850441894531250000e+02 1.463216552734375000e+03 1.007678222656250000e+01
1.882861480712890625e+02 1.460362304687500000e+03 1.043477439880371094e+01
1.901168365478515625e+02 1.452850463867187500e+03 1.048424720764160156e+01
1.914142303466796875e+02 1.460250244140625000e+03 1.026933670043945312e+01
1.907347717285156250e+02 1.454664550781250000e+03 1.060364627838134766e+01
1.898467712402343750e+02 1.456023193359375000e+03 1.081052589416503906e+01
1.938389434814453125e+02 1.444391357421875000e+03 1.107070255279541016e+01
1.945034484863281250e+02 1.446115356445312500e+03 1.110855293273925781e+01
1.980434112548828125e+02 1.439122680664062500e+03 1.141430187225341797e+01
1.965104522705078125e+02 1.442345214843750000e+03 1.142186164855957031e+01
1.974070739746093750e+02 1.437427368164062500e+03 1.140014839172363281e+01
2.022679443359375000e+02 1.436142578125000000e+03 1.169968605041503906e+01
2.046138153076171875e+02 1.437279174804687500e+03 1.199573802947998047e+01
2.045324554443359375e+02 1.439799804687500000e+03 1.221320629119873047e+01
2.067753143310546875e+02 1.431043945312500000e+03 1.233322143554687500e+01
2.048680725097656250e+02 1.427790893554687500e+03 1.267691898345947266e+01
2.080815582275390625e+02 1.431861694335937500e+03 1.283145332336425781e+01
2.089277496337890625e+02 1.421341064453125000e+03 1.256337833404541016e+01
2.096210174560546875e+02 1.420932739257812500e+03 1.319493007659912109e+01
2.101025543212890625e+02 1.419138427734375000e+03 1.311415004730224609e+01
2.141494293212890625e+02 1.418876831054687500e+03 1.329521560668945312e+01
2.185159912109375000e+02 1.415456665039062500e+03 1.336139392852783203e+01
2.159949951171875000e+02 1.407700805664062500e+03 1.420945739746093750e+01
2.170759887695312500e+02 1.409330444335937500e+03 1.365562915802001953e+01
2.169907684326171875e+02 1.405230102539062500e+03 1.400717067718505859e+01
2.210171966552734375e+02 1.400547241210937500e+03 1.442744064331054688e+01
2.220873260498046875e+02 1.395015747070312500e+03 1.397597599029541016e+01
2.231795196533203125e+02 1.402778320312500000e+03 1.485593318939208984e+01
2.218908386230468750e+02 1.394954345703125000e+03 1.472218704223632812e+01
2.254512939453125000e+02 1.398257324218750000e+03 1.507754993438720703e+01
2.233759613037109375e+02 1.394901367187500000e+03 1.526118373870849609e+01
2.269175567626953125e+02 1.389912841796875000e+03 1.579546928405761719e+01
2.305104980468750000e+02 1.394376098632812500e+03 1.596558952331542969e+01
2.327641143798828125e+02 1.381998291015625000e+03 1.602154159545898438e+01
2.319049835205078125e+02 1.377926879882812500e+03 1.605160140991210938e+01
2.303075561523437500e+02 1.375552978515625000e+03 1.637254714965820312e+01
2.348122100830078125e+02 1.378874755859375000e+03 1.666582489013671875e+01
2.349987640380859375e+02 1.369132202148437500e+03 1.654954528808593750e+01
2.391078643798828125e+02 1.373420776367187500e+03 1.697030448913574219e+01
2.393019561767578125e+02 1.362704467773437500e+03 1.719970512390136719e+01
2.416517333984375000e+02 1.365531982421875000e+03 1.734719848632812500e+01
2.376475677490234375e+02 1.361705566406250000e+03 1.754421997070312500e+01
2.442088317871093750e+02 1.358809326171875000e+03 1.805219650268554688e+01
2.395301208496093750e+02 1.361317749023437500e+03 1.764220809936523438e+01
2.472258300781250000e+02 1.353949218750000000e+03 1.835286712646484375e+01
2.434136657714843750e+02 1.353093872070312500e+03 1.865346908569335938e+01
2.483014984130859375e+02 1.353270751953125000e+03 1.827409362792968750e+01
2.509644775390625000e+02 1.349566162109375000e+03 1.864689064025878906e+01
2.494824523925781250e+02 1.354050781250000000e+03 1.921062469482421875e+01
2.506108551025390625e+02 1.350012573242187500e+03 1.941590499877929688e+01
2.565085754394531250e+02 1.340687988281250000e+03 1.972292900085449219e+01
2.568128662109375000e+02 1.335548095703125000e+03 2.000991058349609375e+01
2.580910034179687500e+02 1.340105712890625000e+03 2.051689529418945312e+01
2.546856689453125000e+02 1.335622924804687500e+03 2.030000495910644531e+01
2.582250366210937500e+02 1.332722412109375000e+03 2.037711906433105469e+01
2.592161254882812500e+02 1.329899291992187500e+03 2.055739974975585938e+01
2.579893493652343750e+02 1.330071777343750000e+03 2.043622207641601562e+01
2.577113647460937500e+02 1.322775756835937500e+03 2.116519927978515625e+01
2.640138854980468750e+02 1.324559936523437500e+03 2.117054748535156250e+01
2.631049499511718750e+02 1.323517700195312500e+03 2.148220634460449219e+01
2.668713684082031250e+02 1.313683471679687500e+03 2.200711059570312500e+01
2.650210876464843750e+02 1.308374389648437500e+03 2.245526313781738281e+01
2.673266296386718750e+02 1.317758789062500000e+03 2.230161666870117188e+01
2.744199523925781250e+02 1.313005126953125000e+03 2.241771697998046875e+01
2.745504455566406250e+02 1.304565673828125000e+03 2.245914459228515625e+01
2.745533447265625000e+02 1.300114746093750000e+03 2.315946578979492188e+01
2.737512817382812500e+02 1.297717529296875000e+03 2.315633010864257812e+01
2.774416503906250000e+02 1.293980590820312500e+03 2.404848670959472656e+01
2.754197082519531250e+02 1.301753906250000000e+03 2.344717788696289062e+01
2.800521850585937500e+02 1.299648803710937500e+03 2.420326423645019531e+01
2.826164245605468750e+02 1.291144287109375000e+03 2.456899261474609375e+01
2.793100585937500000e+02 1.285184814453125000e+03 2.512211990356445312e+01
2.853466186523437500e+02 1.293592895507812500e+03 2.548483467102050781e+01
2.852865295410156250e+02 1.288692993164062500e+03 2.549490165710449219e+01
2.869235839843750000e+02 1.284340087890625000e+03 2.540510368347167969e+01
2.895028991699218750e+02 1.277807861328125000e+03 2.598334693908691406e+01
2.879942016601562500e+02 1.273447021484375000e+03 2.577723312377929688e+01
2.921196594238281250e+02 1.273984252929687500e+03 2.610396003723144531e+01
2.844036865234375000e+02 1.273650756835937500e+03 2.672702217102050781e+01
2.886107788085937500e+02 1.271397460937500000e+03 2.663736724853515625e+01
2.905531311035156250e+02 1.272664916992187500e+03 2.685601615905761719e+01
2.943236083984375000e+02 1.262684326171875000e+03 2.752735137939453125e+01
2.931398010253906250e+02 1.261643432617187500e+03 2.727835273742675781e+01
2.983293457031250000e+02 1.261239868164062500e+03 2.702927970886230469e+01
2.997826232910156250e+02 1.255000976562500000e+03 2.785024070739746094e+01
3.003942260742187500e+02 1.260614379882812500e+03 2.863488388061523438e+01
3.001116027832031250e+02 1.249994506835937500e+03 2.891009521484375000e+01
2.965939331054687500e+02 1.243043334960937500e+03 2.956509399414062500e+01
3.055965881347656250e+02 1.246273315429687500e+03 2.950459289550781250e+01
3.015508728027343750e+02 1.251000854492187500e+03 2.998998832702636719e+01
3.089537658691406250e+02 1.247701293945312500e+03 2.938288879394531250e+01
3.038600158691406250e+02 1.237743896484375000e+03 3.030349731445312500e+01
3.063292846679687500e+02 1.242165527343750000e+03 3.009442329406738281e+01
3.073445129394531250e+02 1.235033691406250000e+03 3.080027389526367188e+01
3.084350585937500000e+02 1.233517578125000000e+03 3.151376914978027344e+01
3.086798400878906250e+02 1.231490966796875000e+03 3.154690933227539062e+01
3.110286865234375000e+02 1.223558837890625000e+03 3.092727851867675781e+01
3.152891845703125000e+02 1.230465454101562500e+03 3.213393783569335938e+01
3.124379272460937500e+02 1.224860839843750000e+03 3.185591888427734375e+01
3.182667541503906250e+02 1.224206542968750000e+03 3.243023300170898438e+01
3.132869567871093750e+02 1.216733886718750000e+03 3.329875183105468750e+01
3.177846374511718750e+02 1.222723510742187500e+03 3.313837432861328125e+01
3.186295776367187500e+02 1.220933227539062500e+03 3.308021545410156250e+01
3.193165283203125000e+02 1.215276977539062500e+03 3.406010055541992188e+01
3.195483398437500000e+02 1.210323120117187500e+03 3.396733856201171875e+01
3.205387573242187500e+02 1.211609497070312500e+03 3.455645370483398438e+01
3.184344177246093750e+02 1.202695068359375000e+03 3.459886550903320312e+01
3.246314697265625000e+02 1.200602050781250000e+03 3.494347381591796875e+01
3.203092041015625000e+02 1.196942260742187500e+03 3.537020874023437500e+01
3.226396789550781250e+02 1.202510742187500000e+03 3.498519897460937500e+01
3.267221984863281250e+02 1.200292358398437500e+03 3.561734390258789062e+01
3.290220336914062500e+02 1.192112426757812500e+03 3.674544906616210938e+01
3.322462768554687500e+02 1.192231079101562500e+03 3.702821350097656250e+01
3.367831420898437500e+02 1.189369506835937500e+03 3.702185821533203125e+01
3.327996826171875000e+02 1.189537841796875000e+03 3.716069030761718750e+01
3.309261169433593750e+02 1.190135009765625000e+03 3.750471878051757812e+01
3.364861145019531250e+02 1.179240600585937500e+03 3.752053451538085938e+01
3.365471191406250000e+02 1.184428833007812500e+03 3.844368743896484375e+01
3.388013000488281250e+02 1.174330566406250000e+03 3.883224487304687500e+01
3.362677612304687500e+02 1.176513061523437500e+03 3.935728073120117188e+01
3.420335998535156250e+02 1.176055664062500000e+03 3.954392242431640625e+01
3.428885192871093750e+02 1.165937866210937500e+03 3.925740051269531250e+01
3.365221862792968750e+02 1.167680541992187500e+03 3.969370651245117188e+01
3.416202087402343750e+02 1.166950073242187500e+03 4.053200531005859375e+01
3.477276000976562500e+02 1.159697753906250000e+03 3.986645126342773438e+01
3.458616638183593750e+02 1.172230102539062500e+03 3.960928344726562500e+01
3.427975463867187500e+02 1.160429565429687500e+03 4.118934249877929688e+01
3.458554382324218750e+02 1.159083984375000000e+03 4.112218093872070312e+01
3.484084777832031250e+02 1.155932006835937500e+03 4.146011352539062500e+01
3.526447753906250000e+02 1.146321533203125000e+03 4.174982452392578125e+01
3.457658081054687500e+02 1.147716918945312500e+03 4.193837738037109375e+01
3.530152587890625000e+02 1.156396362304687500e+03 4.233524703979492188e+01
3.503882141113281250e+02 1.142161010742187500e+03 4.364488601684570312e+01
3.530291137695312500e+02 1.142264038085937500e+03 4.360314178466796875e+01
3.522123413085937500e+02 1.139421875000000000e+03 4.384424209594726562e+01
3.568827819824218750e+02 1.135377807617187500e+03 4.381691741943359375e+01
3.588601074218750000e+02 1.131950805664062500e+03 4.505684280395507812e+01
3.581339111328125000e+02 1.138099609375000000e+03 4.465031433105468750e+01
3.588927001953125000e+02 1.130759399414062500e+03 4.502177429199218750e+01
3.624290466308593750e+02 1.133234130859375000e+03 4.579267501831054688e+01
3.568790588378906250e+02 1.128901245117187500e+03 4.527191543579101562e+01
3.587131042480468750e+02 1.135177612304687500e+03 4.603844070434570312e+01
3.626604614257812500e+02 1.125196655273437500e+03 4.681944656372070312e+01
3.671904296875000000e+02 1.134107177734375000e+03 4.594215393066406250e+01
3.672795104980468750e+02 1.126781860351562500e+03 4.736499023437500000e+01
3.623474121093750000e+02 1.113413574218750000e+03 4.798153686523437500e+01
3.716725769042968750e+02 1.114309448242187500e+03 4.825817871093750000e+01
3.702859191894531250e+02 1.109894531250000000e+03 4.837966156005859375e+01
3.701765747070312500e+02 1.103474853515625000e+03 4.939358139038085938e+01
3.699852905273437500e+02 1.112963378906250000e+03 4.902219772338867188e+01
3.733039855957031250e+02 1.099068847656250000e+03 5.003143692016601562e+01
3.697938537597656250e+02 1.107935791015625000e+03 4.963936996459960938e+01
3.765158996582031250e+02 1.100474975585937500e+03 5.093071746826171875e+01
3.746015625000000000e+02 1.090050170898437500e+03 5.014891815185546875e+01
3.752237243652343750e+02 1.099848266601562500e+03 5.106597518920898438e+01
3.817950439453125000e+02 1.091906005859375000e+03 5.129481124877929688e+01
3.779296875000000000e+02 1.102446411132812500e+03 5.109108734130859375e+01
3.754085693359375000e+02 1.099504394531250000e+03 5.250869750976562500e+01
3.795603942871093750e+02 1.084980957031250000e+03 5.321449661254882812e+01
3.829351501464843750e+02 1.091554809570312500e+03 5.271550369262695312e+01
3.854812622070312500e+02 1.084156127929687500e+03 5.361777496337890625e+01
3.836132507324218750e+02 1.082068359375000000e+03 5.249653244018554688e+01
3.840916442871093750e+02 1.080595092773437500e+03 5.306386184692382812e+01
3.876643676757812500e+02 1.075610717773437500e+03 5.456877136230468750e+01
3.865291442871093750e+02 1.073100585937500000e+03 5.459337234497070312e+01
3.891760559082031250e+02 1.069047485351562500e+03 5.580798721313476562e+01
3.912274169921875000e+02 1.068610595703125000e+03 5.478443145751953125e+01
3.909850769042968750e+02 1.073344970703125000e+03 5.588886642456054688e+01
3.919876403808593750e+02 1.073185058593750000e+03 5.590057373046875000e+01
3.883045654296875000e+02 1.069798950195312500e+03 5.744000244140625000e+01
3.892792053222656250e+02 1.054837890625000000e+03 5.814979171752929688e+01
3.954313659667968750e+02 1.060997680664062500e+03 5.701399230957031250e+01
3.958681945800781250e+02 1.058720947265625000e+03 5.822583770751953125e+01
3.942390441894531250e+02 1.054487426757812500e+03 5.702145767211914062e+01
3.931072387695312500e+02 1.042715209960937500e+03 5.977323150634765625e+01
3.990920715332031250e+02 1.055314086914062500e+03 6.020934677124023438e+01
3.998838806152343750e+02 1.053974365234375000e+03 5.918040084838867188e+01
4.016603088378906250e+02 1.061919067382812500e+03 5.924988555908203125e+01
4.021361083984375000e+02 1.049675537109375000e+03 5.838243865966796875e+01
4.040106201171875000e+02 1.039327636718750000e+03 6.078660964965820312e+01
4.037509155273437500e+02 1.038616210937500000e+03 6.148609924316406250e+01
4.022854003906250000e+02 1.046199829101562500e+03 6.114982986450195312e+01
4.027767639160156250e+02 1.042273681640625000e+03 6.163010787963867188e+01
4.107128295898437500e+02 1.033114501953125000e+03 6.270997619628906250e+01
4.054468383789062500e+02 1.038788696289062500e+03 6.366675186157226562e+01
4.026445922851562500e+02 1.038114501953125000e+03 6.160933303833007812e+01
4.110628662109375000e+02 1.026475219726562500e+03 6.352043914794921875e+01
4.130285339355468750e+02 1.029066162109375000e+03 6.287882614135742188e+01
4.049763488769531250e+02 1.021065490722656250e+03 6.453225708007812500e+01
4.046801452636718750e+02 1.047783447265625000e+03 6.314223480224609375e+01
4.118583374023437500e+02 1.029870117187500000e+03 6.406496429443359375e+01
4.155962524414062500e+02 1.026090454101562500e+03 6.545630645751953125e+01
4.110491638183593750e+02 1.018668457031250000e+03 6.533411407470703125e+01
4.163574218750000000e+02 1.008758850097656250e+03 6.601879119873046875e+01
4.149237976074218750e+02 1.017159301757812500e+03 6.492491912841796875e+01
4.149989929199218750e+02 1.011276489257812500e+03 6.628310394287109375e+01
4.146308593750000000e+02 1.015847656250000000e+03 6.598772430419921875e+01
4.210002746582031250e+02 1.013293518066406250e+03 6.505117034912109375e+01
4.204355163574218750e+02 9.884943237304687500e+02 6.866416931152343750e+01
