2.846435527317225933e-04 1.899999633789062500e+03 5.076548312580794753e-14
4.829997196793556213e-04 1.899999389648437500e+03 2.144397398366748586e-13
6.334503414109349251e-04 1.899999267578125000e+03 4.647401170496112677e-13
8.750669076107442379e-04 1.899998779296875000e+03 9.743798649874957363e-13
1.141218701377511024e-03 1.899998291015625000e+03 1.797238573242321280e-12
1.448217080906033516e-03 1.899997924804687500e+03 2.934031056306407592e-12
1.791732618585228920e-03 1.899997436523437500e+03 4.938435077539438112e-12
2.190766157582402229e-03 1.899996704101562500e+03 6.912977568857003874e-12
2.632809337228536606e-03 1.899996093750000000e+03 9.815217215380922511e-12
3.000980708748102188e-03 1.899995361328125000e+03 1.500396681897164797e-11
3.352387575432658195e-03 1.899994384765625000e+03 1.912655971103571773e-11
3.830912057310342789e-03 1.899993530273437500e+03 2.664281989472883083e-11
4.477571230381727219e-03 1.899993164062500000e+03 2.729075646024092805e-11
4.886280279606580734e-03 1.899991821289062500e+03 4.335896225393653935e-11
5.547897890210151672e-03 1.899990600585937500e+03 4.462371444580170987e-11
6.227480713278055191e-03 1.899989501953125000e+03 6.368663235667426648e-11
6.890552118420600891e-03 1.899988525390625000e+03 6.830758181308738131e-11
7.517753168940544128e-03 1.899987304687500000e+03 8.032856324557968719e-11
8.201363496482372284e-03 1.899986694335937500e+03 9.744101359121515316e-11
8.892989717423915863e-03 1.899985107421875000e+03 1.269667426750942241e-10
9.527193382382392883e-03 1.899984008789062500e+03 1.339250377263567771e-10
1.057143602520227432e-02 1.899981933593750000e+03 1.689959006068164626e-10
1.139248721301555634e-02 1.899980590820312500e+03 1.993245707376800624e-10
1.223646476864814758e-02 1.899979248046875000e+03 2.493312778462097867e-10
1.316179148852825165e-02 1.899976562500000000e+03 2.626261430549448050e-10
1.406850758939981461e-02 1.899976074218750000e+03 3.208416587963114353e-10
1.514098420739173889e-02 1.899974487304687500e+03 3.641547063892858205e-10
1.623720116913318634e-02 1.899972412109375000e+03 4.333416403490275570e-10
1.739039644598960876e-02 1.899969360351562500e+03 4.618782856180558838e-10
1.829928718507289886e-02 1.899967529296875000e+03 5.714195228101459634e-10
1.982301473617553711e-02 1.899967895507812500e+03 6.366308591410074769e-10
2.064724452793598175e-02 1.899966308593750000e+03 6.558115162036415313e-10
2.223118022084236145e-02 1.899960449218750000e+03 7.555162051531283396e-10
2.374340966343879700e-02 1.899958984375000000e+03 9.228783848236332688e-10
2.488338202238082886e-02 1.899955566406250000e+03 1.024751505873666702e-09
2.606525272130966187e-02 1.899956542968750000e+03 1.146456374279125612e-09
2.726125717163085938e-02 1.899949707031250000e+03 1.213681488643203465e-09
2.933965995907783508e-02 1.899948486328125000e+03 1.248612879756194616e-09
2.996632829308509827e-02 1.899947265625000000e+03 1.432555407632207789e-09
3.274805843830108643e-02 1.899943847656250000e+03 1.555266471164884479e-09
3.301440179347991943e-02 1.899940917968750000e+03 1.713996278240870197e-09
3.614983335137367249e-02 1.899938110351562500e+03 1.866036436481977034e-09
3.608546406030654907e-02 1.899934692382812500e+03 2.440192492514370315e-09
3.863679617643356323e-02 1.899931396484375000e+03 2.070183802160840969e-09
4.129634052515029907e-02 1.899930664062500000e+03 2.541391763699607509e-09
4.193493723869323730e-02 1.899930786132812500e+03 2.719117375704627193e-09
4.453484714031219482e-02 1.899920654296875000e+03 3.158312722462142119e-09
4.604160040616989136e-02 1.899922973632812500e+03 2.930897524677789079e-09
4.762145131826400757e-02 1.899915527343750000e+03 3.677524951228861028e-09
4.962520301342010498e-02 1.899915893554687500e+03 3.712949503409390672e-09
5.168825387954711914e-02 1.899913085937500000e+03 4.089717009492233046e-09
5.525048449635505676e-02 1.899911376953125000e+03 4.284624210981746728e-09
5.428207665681838989e-02 1.899905883789062500e+03 4.739911574347388523e-09
5.666103959083557129e-02 1.899904174804687500e+03 5.822404336441877604e-09
6.058494001626968384e-02 1.899896972656250000e+03 5.795508517536518411e-09
6.020966172218322754e-02 1.899894409179687500e+03 5.463504759717352499e-09
6.378766894340515137e-02 1.899889038085937500e+03 6.761958992740346730e-09
6.578169763088226318e-02 1.899889526367187500e+03 7.120340761446186661e-09
7.145693898200988770e-02 1.899886962890625000e+03 7.479050267988895939e-09
7.234213501214981079e-02 1.899880737304687500e+03 8.132380102665592858e-09
7.176780700683593750e-02 1.899879638671875000e+03 7.822954728453623829e-09
7.473522424697875977e-02 1.899876586914062500e+03 9.880409379547927529e-09
7.613612711429595947e-02 1.899868896484375000e+03 9.447322923961110064e-09
8.086530864238739014e-02 1.899864624023437500e+03 9.548366541878294811e-09
8.284184336662292480e-02 1.899859741210937500e+03 1.080271161413293157e-08
8.485731482505798340e-02 1.899855590820312500e+03 1.195875309889515847e-08
8.960704505443572998e-02 1.899855590820312500e+03 1.247843250951063965e-08
9.081983566284179688e-02 1.899853637695312500e+03 1.589272358160087606e-08
9.341213107109069824e-02 1.899847290039062500e+03 1.376856140211657475e-08
9.602132439613342285e-02 1.899838012695312500e+03 1.279421102395872367e-08
9.970810264348983765e-02 1.899833618164062500e+03 1.636463586862646480e-08
9.773519635200500488e-02 1.899831420898437500e+03 1.920566106150545238e-08
1.030122339725494385e-01 1.899823730468750000e+03 1.772492730367503100e-08
1.070163249969482422e-01 1.899811401367187500e+03 1.801510229881841951e-08
1.074933260679244995e-01 1.899818359375000000e+03 2.081542938014990796e-08
1.119117289781570435e-01 1.899812500000000000e+03 1.987193520847085892e-08
1.184163168072700500e-01 1.899802368164062500e+03 2.037392654585801210e-08
1.151997745037078857e-01 1.899800292968750000e+03 2.343241689573005715e-08
1.229120194911956787e-01 1.899793334960937500e+03 2.391543141300189745e-08
1.238136589527130127e-01 1.899794433593750000e+03 2.488592265592615149e-08
1.265176534652709961e-01 1.899789184570312500e+03 2.491430706186292809e-08
1.325504034757614136e-01 1.899787597656250000e+03 2.895775175204562402e-08
1.339197754859924316e-01 1.899783081054687500e+03 3.022167760491356603e-08
1.386694163084030151e-01 1.899776611328125000e+03 2.813731647677286674e-08
1.363249719142913818e-01 1.899768066406250000e+03 3.379001611847343156e-08
1.410795450210571289e-01 1.899774902343750000e+03 3.538303161576550337e-08
1.458293348550796509e-01 1.899756347656250000e+03 3.349159527488154708e-08
1.472688317298889160e-01 1.899742309570312500e+03 3.825254779599163157e-08
1.531530320644378662e-01 1.899744506835937500e+03 3.812191451402213715e-08
1.511979103088378906e-01 1.899739501953125000e+03 3.730573183702290407e-08
1.615700423717498779e-01 1.899736328125000000e+03 4.457962887727262569e-08
1.612474620342254639e-01 1.899738403320312500e+03 4.405485753977700369e-08
1.670171618461608887e-01 1.899717895507812500e+03 4.322165736425631621e-08
1.750406324863433838e-01 1.899722900390625000e+03 5.000888592121555121e-08
1.709929108619689941e-01 1.899703002929687500e+03 5.375747846869671775e-08
1.751698553562164307e-01 1.899694458007812500e+03 5.514493039981971378e-08
1.788483113050460815e-01 1.899705200195312500e+03 5.543411418784671696e-08
1.876477897167205811e-01 1.899701293945312500e+03 5.745115316813098616e-08
1.845132261514663696e-01 1.899683105468750000e+03 6.257903351070126519e-08
1.921428143978118896e-01 1.899672241210937500e+03 5.804623270933007007e-08
1.969954520463943481e-01 1.899672973632812500e+03 5.822539250743830053e-08
2.013311237096786499e-01 1.899664916992187500e+03 6.388385287436904036e-08
2.108369767665863037e-01 1.899676025390625000e+03 7.202412888318576734e-08
2.126107960939407349e-01 1.899663330078125000e+03 8.380546745456740609e-08
2.152172327041625977e-01 1.899636108398437500e+03 6.901272797676938353e-08
2.155072093009948730e-01 1.899646972656250000e+03 8.195283385248330887e-08
2.191551625728607178e-01 1.899644287109375000e+03 8.642662407964962767e-08
2.261379659175872803e-01 1.899632324218750000e+03 8.247955207707491354e-08
2.281055450439453125e-01 1.899612792968750000e+03 9.263948896887086448e-08
2.332371771335601807e-01 1.899614746093750000e+03 8.429154263467353303e-08
2.360986471176147461e-01 1.899599487304687500e+03 9.921684096525495988e-08
2.392785847187042236e-01 1.899601074218750000e+03 1.018439661493175663e-07
2.410602867603302002e-01 1.899586303710937500e+03 1.073525695005628222e-07
2.574322223663330078e-01 1.899580932617187500e+03 1.011685597518408031e-07
2.471009790897369385e-01 1.899589233398437500e+03 1.114727226081413392e-07
2.569013535976409912e-01 1.899572875976562500e+03 1.228181929491256597e-07
2.583173513412475586e-01 1.899569213867187500e+03 1.173943147136924381e-07
2.663006782531738281e-01 1.899564331054687500e+03 1.236278563965242938e-07
2.662055492401123047e-01 1.899539916992187500e+03 1.253867338846248458e-07
2.783190608024597168e-01 1.899556518554687500e+03 1.305335075585389859e-07
2.756503820419311523e-01 1.899533081054687500e+03 1.443677177803692757e-07
2.834431529045104980e-01 1.899527587890625000e+03 1.339545576684031403e-07
2.835299670696258545e-01 1.899508056640625000e+03 1.527643007648293860e-07
2.984508872032165527e-01 1.899502075195312500e+03 1.663688777853167267e-07
2.997842431068420410e-01 1.899502197265625000e+03 1.500235384810366668e-07
3.034019172191619873e-01 1.899516601562500000e+03 1.697632399100257317e-07
3.167279660701751709e-01 1.899501953125000000e+03 1.559201052714342950e-07
3.134245276451110840e-01 1.899479492187500000e+03 1.819691703985881759e-07
3.172332346439361572e-01 1.899447387695312500e+03 1.669892242261994397e-07
3.210622072219848633e-01 1.899451660156250000e+03 2.100703397900360869e-07
3.289781212806701660e-01 1.899461791992187500e+03 1.812089465147437295e-07
3.315554857254028320e-01 1.899445312500000000e+03 1.898402786082442617e-07
3.482668995857238770e-01 1.899424438476562500e+03 2.220578352307711612e-07
3.522277772426605225e-01 1.899436279296875000e+03 2.286091671521717217e-07
3.529629707336425781e-01 1.899410888671875000e+03 2.135830499128132942e-07
3.568021655082702637e-01 1.899412475585937500e+03 2.276689201607950963e-07
3.627558350563049316e-01 1.899378295898437500e+03 2.538413355068769306e-07
3.666464090347290039e-01 1.899375122070312500e+03 2.467594981681031641e-07
3.635269403457641602e-01 1.899375366210937500e+03 2.423087437364301877e-07
3.828392922878265381e-01 1.899362426757812500e+03 2.718585108141269302e-07
3.817462325096130371e-01 1.899360839843750000e+03 2.581768683285190491e-07
3.989655971527099609e-01 1.899352661132812500e+03 2.670867900178564014e-07
4.029930233955383301e-01 1.899328857421875000e+03 2.918222037351370091e-07
4.027322232723236084e-01 1.899311401367187500e+03 2.864902910459932173e-07
4.138680100440979004e-01 1.899353515625000000e+03 3.351197506162861828e-07
4.227677583694458008e-01 1.899321166992187500e+03 3.417578398057230515e-07
4.254339635372161865e-01 1.899291992187500000e+03 3.598440230234700721e-07
4.389423131942749023e-01 1.899271362304687500e+03 3.270554600476316409e-07
4.474220275878906250e-01 1.899287475585937500e+03 3.206289704849041300e-07
4.467869400978088379e-01 1.899258178710937500e+03 3.609081318245443981e-07
4.512435793876647949e-01 1.899240356445312500e+03 3.888623609782371204e-07
4.569612741470336914e-01 1.899243774414062500e+03 3.381940416602446930e-07
4.398436248302459717e-01 1.899221069335937500e+03 3.645873221103101969e-07
4.686558246612548828e-01 1.899202514648437500e+03 4.063420249167393195e-07
4.924012720584869385e-01 1.899207031250000000e+03 3.935011534395016497e-07
4.846357703208923340e-01 1.899183715820312500e+03 4.511326210376864765e-07
4.840166866779327393e-01 1.899217285156250000e+03 4.102957973373122513e-07
4.991311430931091309e-01 1.899159057617187500e+03 4.528975523498957045e-07
4.876571893692016602e-01 1.899140380859375000e+03 4.656875489672529511e-07
5.118390917778015137e-01 1.899158081054687500e+03 4.779058713211270515e-07
5.060781240463256836e-01 1.899113281250000000e+03 4.935163246955198701e-07
5.206772089004516602e-01 1.899131347656250000e+03 5.159642455510038417e-07
5.408073067665100098e-01 1.899101928710937500e+03 5.384061410040885676e-07
5.409298539161682129e-01 1.899105346679687500e+03 4.936094910590327345e-07
5.487436056137084961e-01 1.899079101562500000e+03 5.359729584597516805e-07
5.650409460067749023e-01 1.899108764648437500e+03 5.127682243255549110e-07
5.485455393791198730e-01 1.899096069335937500e+03 5.883939024897699710e-07
5.744128227233886719e-01 1.899020141601562500e+03 5.760926455877779517e-07
5.816228389739990234e-01 1.899026489257812500e+03 6.339127480714523699e-07
5.840400457382202148e-01 1.898996582031250000e+03 6.644183372372935992e-07
5.825246572494506836e-01 1.898991210937500000e+03 5.982300876894441899e-07
6.228855252265930176e-01 1.898995239257812500e+03 6.460711574618471786e-07
6.061704754829406738e-01 1.898941772460937500e+03 6.306607929218444042e-07
6.171711087226867676e-01 1.898976684570312500e+03 7.325345450226450339e-07
6.259248256683349609e-01 1.898976928710937500e+03 6.640917717959382571e-07
6.333895921707153320e-01 1.898946289062500000e+03 6.819726081630506087e-07
6.236203312873840332e-01 1.898944702148437500e+03 6.790309612370037939e-07
6.544256210327148438e-01 1.898880249023437500e+03 8.705637810635380447e-07
6.429419517517089844e-01 1.898902221679687500e+03 7.762884024486993439e-07
6.653387546539306641e-01 1.898875488281250000e+03 7.154317245294805616e-07
6.680190563201904297e-01 1.898879028320312500e+03 7.940168416098458692e-07
6.925649642944335938e-01 1.898845825195312500e+03 8.715546755411196500e-07
7.163994908332824707e-01 1.898816528320312500e+03 8.434818710156832822e-07
7.030410766601562500e-01 1.898848510742187500e+03 8.895864880287263077e-07
7.328571081161499023e-01 1.898807495117187500e+03 9.993265166485798545e-07
7.112089395523071289e-01 1.898775024414062500e+03 8.502781270181003492e-07
7.268788218498229980e-01 1.898751586914062500e+03 9.170835824079404119e-07
7.385833859443664551e-01 1.898739379882812500e+03 9.878531272988766432e-07
7.684541940689086914e-01 1.898746582031250000e+03 1.007413061415718403e-06
7.596446871757507324e-01 1.898714477539062500e+03 1.120404249377315864e-06
7.875393629074096680e-01 1.898726684570312500e+03 1.018469106384145562e-06
7.575958967208862305e-01 1.898679687500000000e+03 1.044697683028061874e-06
7.809054851531982422e-01 1.898669921875000000e+03 1.187304860650328919e-06
7.578589916229248047e-01 1.898621337890625000e+03 1.274625560654385481e-06
7.935704588890075684e-01 1.898692260742187500e+03 1.202663383992330637e-06
8.038231134414672852e-01 1.898638916015625000e+03 1.075735099220764823e-06
8.346866965293884277e-01 1.898620117187500000e+03 1.303063072555232793e-06
8.184562921524047852e-01 1.898600219726562500e+03 1.403660689902608283e-06
8.457086086273193359e-01 1.898546997070312500e+03 1.231811211255262606e-06
8.446927070617675781e-01 1.898587158203125000e+03 1.381798711008741520e-06
8.603996038436889648e-01 1.898557617187500000e+03 1.317305418524483684e-06
8.652663230895996094e-01 1.898507446289062500e+03 1.501728320363326930e-06
9.026166200637817383e-01 1.898569702148437500e+03 1.536768081678019371e-06
8.689674139022827148e-01 1.898522583007812500e+03 1.570981453369313385e-06
9.152993559837341309e-01 1.898473266601562500e+03 1.655905862207873724e-06
9.067617058753967285e-01 1.898550415039062500e+03 1.519663214821775910e-06
9.234666824340820312e-01 1.898474609375000000e+03 1.731465772536466829e-06
9.359956979751586914e-01 1.898395263671875000e+03 1.753065589582547545e-06
9.275249242782592773e-01 1.898400756835937500e+03 1.775227815414837096e-06
9.541449546813964844e-01 1.898470825195312500e+03 1.458913629903690889e-06
9.969267845153808594e-01 1.898380615234375000e+03 1.767633875715546310e-06
9.605560302734375000e-01 1.898368041992187500e+03 1.653642812016187236e-06
9.915975332260131836e-01 1.898313720703125000e+03 1.950869773281738162e-06
9.901854395866394043e-01 1.898300415039062500e+03 1.939869434863794595e-06
1.014263749122619629e+00 1.898293090820312500e+03 2.027742311838665046e-06
1.033862590789794922e+00 1.898313720703125000e+03 1.754356617311714217e-06
1.045585155487060547e+00 1.898277954101562500e+03 2.068071125904680230e-06
1.064560890197753906e+00 1.898228027343750000e+03 2.064429281745105982e-06
1.053761482238769531e+00 1.898246459960937500e+03 2.043745780611061491e-06
1.057139873504638672e+00 1.898180541992187500e+03 2.220849637524224818e-06
1.057373404502868652e+00 1.898180786132812500e+03 2.127457719325320795e-06
1.057673573493957520e+00 1.898222290039062500e+03 2.297101900694542564e-06
1.086302995681762695e+00 1.898183471679687500e+03 2.207258830821956508e-06
1.120925307273864746e+00 1.898112548828125000e+03 2.492967269063228741e-06
1.130949616432189941e+00 1.898050048828125000e+03 2.455910816934192553e-06
1.118710398674011230e+00 1.898100830078125000e+03 2.416534471194609068e-06
1.170417666435241699e+00 1.898097900390625000e+03 2.919470944107160904e-06
1.152018308639526367e+00 1.898027954101562500e+03 2.658342737049679272e-06
1.162304043769836426e+00 1.897993896484375000e+03 2.348038606214686297e-06
1.189323544502258301e+00 1.898089721679687500e+03 2.951725036837160587e-06
1.204522609710693359e+00 1.897943115234375000e+03 2.760185907391132787e-06
1.212123632431030273e+00 1.897960815429687500e+03 2.650649776114732958e-06
1.226703763008117676e+00 1.897918212890625000e+03 2.720943939493736252e-06
1.212057232856750488e+00 1.897857055664062500e+03 3.043756805709563196e-06
1.236873626708984375e+00 1.897867309570312500e+03 2.900653498727479018e-06
1.260196447372436523e+00 1.897909790039062500e+03 3.187085440004011616e-06
1.276106476783752441e+00 1.897848999023437500e+03 3.211260718671837822e-06
1.265542030334472656e+00 1.897890136718750000e+03 2.762595613603480160e-06
1.257372498512268066e+00 1.897831054687500000e+03 2.758775053735007532e-06
1.264123201370239258e+00 1.897760009765625000e+03 3.311748741907649674e-06
1.320695042610168457e+00 1.897840087890625000e+03 3.190411916875746101e-06
1.329052805900573730e+00 1.897698120117187500e+03 3.810772341239498928e-06
1.344043374061584473e+00 1.897685424804687500e+03 3.108838882326381281e-06
1.374946832656860352e+00 1.897683593750000000e+03 3.316413767606718466e-06
1.387381672859191895e+00 1.897621093750000000e+03 4.114756393391871825e-06
1.327677011489868164e+00 1.897626586914062500e+03 3.790912614931585267e-06
1.405301690101623535e+00 1.897657958984375000e+03 3.894960173056460917e-06
1.362224578857421875e+00 1.897582763671875000e+03 3.333737822686089203e-06
1.419275403022766113e+00 1.897552001953125000e+03 4.006363724329276010e-06
1.427047967910766602e+00 1.897540893554687500e+03 4.003522008133586496e-06
1.453618764877319336e+00 1.897438110351562500e+03 3.873896275763399899e-06
1.506837844848632812e+00 1.897509399414062500e+03 4.347125923231942579e-06
1.488607406616210938e+00 1.897500366210937500e+03 4.031536718684947118e-06
1.474165916442871094e+00 1.897513061523437500e+03 4.370806436782004312e-06
1.516875028610229492e+00 1.897389892578125000e+03 4.568392796500120312e-06
1.504105567932128906e+00 1.897288330078125000e+03 4.612024895322974771e-06
1.512629508972167969e+00 1.897401489257812500e+03 4.535586867859819904e-06
1.550287008285522461e+00 1.897385498046875000e+03 4.334326149546541274e-06
1.561625242233276367e+00 1.897247314453125000e+03 5.228630016063107178e-06
1.525458335876464844e+00 1.897226196289062500e+03 4.370811893750214949e-06
1.602760553359985352e+00 1.897317871093750000e+03 5.236556717136409134e-06
1.624727487564086914e+00 1.897383666992187500e+03 5.187041097087785602e-06
1.608844995498657227e+00 1.897216308593750000e+03 5.130666067998390645e-06
1.599914550781250000e+00 1.897125122070312500e+03 5.278968728816835210e-06
1.659711122512817383e+00 1.897162475585937500e+03 5.747242539655417204e-06
1.646038055419921875e+00 1.897222290039062500e+03 6.099928214098326862e-06
1.687881350517272949e+00 1.897200683593750000e+03 5.417783540906384587e-06
1.693666338920593262e+00 1.897100097656250000e+03 6.031641987647162750e-06
1.725376725196838379e+00 1.897015380859375000e+03 5.806718945677857846e-06
1.723010778427124023e+00 1.897012329101562500e+03 5.892333774681901559e-06
1.698588132858276367e+00 1.897017822265625000e+03 6.559104804182425141e-06
1.749939322471618652e+00 1.896897705078125000e+03 5.490565854415763170e-06
1.737212061882019043e+00 1.897057983398437500e+03 5.903396413486916572e-06
1.755835056304931641e+00 1.896975097656250000e+03 6.409243724192492664e-06
1.804731607437133789e+00 1.896923339843750000e+03 6.468461833719629794e-06
1.812974572181701660e+00 1.896904052734375000e+03 6.677659712295280769e-06
1.831701397895812988e+00 1.896971557617187500e+03 7.013636150077218190e-06
1.887466907501220703e+00 1.896827880859375000e+03 7.313219157367711887e-06
1.831939935684204102e+00 1.896752441406250000e+03 6.356110134220216423e-06
1.799526691436767578e+00 1.896691772460937500e+03 7.070389074215199798e-06
1.838360071182250977e+00 1.896885009765625000e+03 7.256602657434996217e-06
1.923433423042297363e+00 1.896652465820312500e+03 7.945059223857242614e-06
1.941501617431640625e+00 1.896621582031250000e+03 6.473321263911202550e-06
1.899983406066894531e+00 1.896712280273437500e+03 8.000832167454063892e-06
1.949041128158569336e+00 1.896708496093750000e+03 7.499388175347121432e-06
1.983824491500854492e+00 1.896545898437500000e+03 8.131970389513298869e-06
1.973779201507568359e+00 1.896501342773437500e+03 8.520900337316561490e-06
2.014334917068481445e+00 1.896525756835937500e+03 8.403314495808444917e-06
1.978581786155700684e+00 1.896428955078125000e+03 8.030683602555654943e-06
2.073953390121459961e+00 1.896433959960937500e+03 8.385073670069687068e-06
2.046734094619750977e+00 1.896513916015625000e+03 8.479511961922980845e-06
2.032962799072265625e+00 1.896558837890625000e+03 9.684295037004631013e-06
2.052016735076904297e+00 1.896409301757812500e+03 7.933204869914334267e-06
2.067407608032226562e+00 1.896279541015625000e+03 9.326251529273577034e-06
2.120851516723632812e+00 1.896317138671875000e+03 1.001789314614143223e-05
2.137221336364746094e+00 1.896379150390625000e+03 8.164188329828903079e-06
2.159602642059326172e+00 1.896379394531250000e+03 8.851759048411622643e-06
2.183615684509277344e+00 1.896243041992187500e+03 9.522415894025471061e-06
2.175122499465942383e+00 1.896339843750000000e+03 8.619836989964824170e-06
2.163823604583740234e+00 1.896273681640625000e+03 9.830742783378809690e-06
2.215481042861938477e+00 1.896266235351562500e+03 1.059646274370606989e-05
2.267198562622070312e+00 1.896080932617187500e+03 9.463447895541321486e-06
2.166187047958374023e+00 1.896092651367187500e+03 1.051594153977930546e-05
2.267947912216186523e+00 1.895935668945312500e+03 1.003147917799651623e-05
2.247874975204467773e+00 1.896027954101562500e+03 1.029511713568354025e-05
2.298759460449218750e+00 1.896040161132812500e+03 9.910750122799072415e-06
2.320305824279785156e+00 1.895941894531250000e+03 1.053623145708115771e-05
2.297714233398437500e+00 1.895878906250000000e+03 1.241986774402903393e-05
2.288215160369873047e+00 1.895885864257812500e+03 1.142583278124220669e-05
2.340289115905761719e+00 1.895839233398437500e+03 1.279441494261845946e-05
2.361810207366943359e+00 1.895810546875000000e+03 1.203667943627806380e-05
2.399731874465942383e+00 1.895910766601562500e+03 1.070496909960638732e-05
2.442656278610229492e+00 1.895820922851562500e+03 1.224171774083515629e-05
2.390240669250488281e+00 1.895719848632812500e+03 1.127174891735194251e-05
2.480563640594482422e+00 1.895566284179687500e+03 1.216759756061946973e-05
2.413033485412597656e+00 1.895768676757812500e+03 1.233770308317616582e-05
2.483923912048339844e+00 1.895488891601562500e+03 1.278698437090497464e-05
2.462859153747558594e+00 1.895505615234375000e+03 1.304165471083251759e-05
2.481707096099853516e+00 1.895660766601562500e+03 1.302317377849249169e-05
2.514090061187744141e+00 1.895565795898437500e+03 1.330146369582507759e-05
2.479695796966552734e+00 1.895628295898437500e+03 1.341981351288268343e-05
2.566966533660888672e+00 1.895327636718750000e+03 1.381798210786655545e-05
2.545600652694702148e+00 1.895488403320312500e+03 1.575626447447575629e-05
2.595703125000000000e+00 1.895243164062500000e+03 1.444030749553348869e-05
2.665386676788330078e+00 1.895479370117187500e+03 1.459728628105949610e-05
2.651174068450927734e+00 1.895395263671875000e+03 1.394860100845107809e-05
2.631452322006225586e+00 1.895398803710937500e+03 1.420955504727317020e-05
2.585025310516357422e+00 1.895260131835937500e+03 1.613964377611409873e-05
2.644080162048339844e+00 1.895347045898437500e+03 1.516255815658951178e-05
2.738357543945312500e+00 1.895318237304687500e+03 1.391268597217276692e-05
2.683029413223266602e+00 1.895059082031250000e+03 1.645265729166567326e-05
2.718184709548950195e+00 1.895262573242187500e+03 1.620466537133324891e-05
2.772877931594848633e+00 1.895025146484375000e+03 1.669122502789832652e-05
2.759400367736816406e+00 1.895113403320312500e+03 1.556912866362836212e-05
2.802671432495117188e+00 1.895127807617187500e+03 1.696339313639327884e-05
2.763704299926757812e+00 1.894967773437500000e+03 1.612442974874284118e-05
2.901479244232177734e+00 1.894828735351562500e+03 1.811310539778787643e-05
2.852558135986328125e+00 1.894830444335937500e+03 1.794755371520295739e-05
2.856412410736083984e+00 1.894793090820312500e+03 1.807536864362191409e-05
2.840833187103271484e+00 1.894906494140625000e+03 1.655445339565631002e-05
2.966214418411254883e+00 1.894678955078125000e+03 1.806476211640983820e-05
2.907955169677734375e+00 1.894611694335937500e+03 1.859901749412529171e-05
2.913903951644897461e+00 1.894742797851562500e+03 1.903631891764234751e-05
2.977402210235595703e+00 1.894518798828125000e+03 1.797753611754160374e-05
3.109802722930908203e+00 1.894579223632812500e+03 1.924731986946426332e-05
2.981424331665039062e+00 1.894578125000000000e+03 1.983665788429789245e-05
3.037081718444824219e+00 1.894582885742187500e+03 2.054156357189640403e-05
2.999614238739013672e+00 1.894356567382812500e+03 2.235506326542235911e-05
3.058357000350952148e+00 1.894424804687500000e+03 1.988735675695352256e-05
3.080156326293945312e+00 1.894514892578125000e+03 2.193008185713551939e-05
3.085045337677001953e+00 1.894305664062500000e+03 2.203502117481548339e-05
3.174783706665039062e+00 1.894239746093750000e+03 2.070743357762694359e-05
3.116301536560058594e+00 1.894452148437500000e+03 2.186397614423185587e-05
3.150397062301635742e+00 1.894285034179687500e+03 2.170989318983629346e-05
3.231550693511962891e+00 1.894326904296875000e+03 2.418609255983028561e-05
3.172748565673828125e+00 1.894293579101562500e+03 2.335925091756507754e-05
3.220356464385986328e+00 1.894260742187500000e+03 2.615697849250864238e-05
3.249108791351318359e+00 1.894151855468750000e+03 2.683477760001551360e-05
3.355838298797607422e+00 1.894061889648437500e+03 2.334247255930677056e-05
3.330507516860961914e+00 1.893874389648437500e+03 2.474577740940731019e-05
3.354073047637939453e+00 1.893954345703125000e+03 2.330619099666364491e-05
3.347929000854492188e+00 1.893875000000000000e+03 2.683522325241938233e-05
3.410107374191284180e+00 1.893867553710937500e+03 2.500296614016406238e-05
3.425169467926025391e+00 1.893935058593750000e+03 2.578264320618472993e-05
3.422879219055175781e+00 1.894071289062500000e+03 2.423767364234663546e-05
3.471130371093750000e+00 1.893572265625000000e+03 2.713711182877887040e-05
3.412340879440307617e+00 1.893699096679687500e+03 2.697144918784033507e-05
3.438462257385253906e+00 1.893497192382812500e+03 2.738310649874620140e-05
3.567093372344970703e+00 1.893295898437500000e+03 2.842397225322201848e-05
3.622326850891113281e+00 1.893473876953125000e+03 3.021370685019064695e-05
3.506569385528564453e+00 1.893384765625000000e+03 3.083565388806164265e-05
3.660008430480957031e+00 1.893196411132812500e+03 3.452467717579565942e-05
3.577916383743286133e+00 1.893390869140625000e+03 3.095549618592485785e-05
3.616384506225585938e+00 1.893172485351562500e+03 3.311818727524951100e-05
3.630805969238281250e+00 1.893253784179687500e+03 2.950252564914990216e-05
3.777564048767089844e+00 1.893057128906250000e+03 3.132437632302753627e-05
3.705848693847656250e+00 1.893288818359375000e+03 2.883513661799952388e-05
3.686564683914184570e+00 1.893268676757812500e+03 3.359990296303294599e-05
3.735001087188720703e+00 1.893132812500000000e+03 3.332658525323495269e-05
3.693610668182373047e+00 1.892994140625000000e+03 3.632323932833969593e-05
3.751293659210205078e+00 1.893152343750000000e+03 3.339620161568745971e-05
3.827351093292236328e+00 1.892733154296875000e+03 3.345329605508595705e-05
3.870570898056030273e+00 1.892651977539062500e+03 3.502987601677887142e-05
3.810023307800292969e+00 1.892848388671875000e+03 3.512061812216416001e-05
3.830296516418457031e+00 1.892754394531250000e+03 3.748583549167960882e-05
3.996389389038085938e+00 1.892768432617187500e+03 3.173889490426518023e-05
3.967709064483642578e+00 1.892854125976562500e+03 3.912202009814791381e-05
4.040023803710937500e+00 1.892796875000000000e+03 3.868222847813740373e-05
3.890973091125488281e+00 1.892542724609375000e+03 3.603546429076232016e-05
4.180579662322998047e+00 1.892702758789062500e+03 3.682619353639893234e-05
4.123682022094726562e+00 1.892563842773437500e+03 3.980714609497226775e-05
4.046573162078857422e+00 1.892097290039062500e+03 3.619128256104886532e-05
4.095616340637207031e+00 1.892332641601562500e+03 3.922283576685003936e-05
4.103796005249023438e+00 1.892514892578125000e+03 3.910152008756995201e-05
4.090209484100341797e+00 1.892239990234375000e+03 3.859582284349016845e-05
4.122237205505371094e+00 1.892400390625000000e+03 3.447253038757480681e-05
4.282749176025390625e+00 1.892548950195312500e+03 4.292337689548730850e-05
4.155448913574218750e+00 1.892126953125000000e+03 4.446670936886221170e-05
4.221408843994140625e+00 1.892281127929687500e+03 4.440188786247745156e-05
4.258405685424804688e+00 1.892406616210937500e+03 3.691713209263980389e-05
4.316067695617675781e+00 1.892036621093750000e+03 4.139625161769799888e-05
4.329883098602294922e+00 1.892043457031250000e+03 4.504302341956645250e-05
4.370110511779785156e+00 1.891461547851562500e+03 4.177516166237182915e-05
4.359663009643554688e+00 1.891964233398437500e+03 4.602787157637067139e-05
4.416888713836669922e+00 1.891739379882812500e+03 4.864098445978015661e-05
4.445810794830322266e+00 1.891867431640625000e+03 4.767662903759628534e-05
4.494791984558105469e+00 1.891258056640625000e+03 4.948342393618077040e-05
4.395711898803710938e+00 1.891933227539062500e+03 4.463193909032270312e-05
4.505675315856933594e+00 1.891727294921875000e+03 4.989525768905878067e-05
4.586643218994140625e+00 1.891910156250000000e+03 4.498458656598813832e-05
4.466711044311523438e+00 1.891561889648437500e+03 5.325555684976279736e-05
4.606548786163330078e+00 1.891696655273437500e+03 4.708603592007420957e-05
4.572948455810546875e+00 1.891267578125000000e+03 5.772161966888234019e-05
4.595199108123779297e+00 1.891567871093750000e+03 5.706432057195343077e-05
4.626901626586914062e+00 1.891263305664062500e+03 5.382849485613405704e-05
4.621953010559082031e+00 1.891297485351562500e+03 4.966738924849778414e-05
4.602337837219238281e+00 1.891151000976562500e+03 4.974065086571499705e-05
4.750083446502685547e+00 1.891023681640625000e+03 5.295748997014015913e-05
4.728265762329101562e+00 1.891236572265625000e+03 5.663980846293270588e-05
4.643994808197021484e+00 1.890870971679687500e+03 5.052399137639440596e-05
4.782447814941406250e+00 1.890912963867187500e+03 6.244677206268534064e-05
4.992706298828125000e+00 1.890936035156250000e+03 5.962715658824890852e-05
4.791480064392089844e+00 1.890919677734375000e+03 5.817319106427021325e-05
4.890157699584960938e+00 1.890921020507812500e+03 5.607218190561980009e-05
4.925946235656738281e+00 1.890652954101562500e+03 5.795676406705752015e-05
5.011480331420898438e+00 1.890925781250000000e+03 5.992849037284031510e-05
4.878903388977050781e+00 1.890574707031250000e+03 5.203218825045041740e-05
4.957531929016113281e+00 1.890321044921875000e+03 6.435799878090620041e-05
5.023121833801269531e+00 1.890590942382812500e+03 6.004031092743389308e-05
5.052367210388183594e+00 1.890330200195312500e+03 6.196366302901878953e-05
4.948656558990478516e+00 1.890985107421875000e+03 5.972948201815597713e-05
5.151272773742675781e+00 1.890522827148437500e+03 6.170384585857391357e-05
5.070026397705078125e+00 1.890212646484375000e+03 6.525980279548093677e-05
5.054809570312500000e+00 1.889824096679687500e+03 6.398562982212752104e-05
5.223001480102539062e+00 1.890301635742187500e+03 6.617067992920055985e-05
5.099719524383544922e+00 1.889708374023437500e+03 7.009066757746040821e-05
5.235098838806152344e+00 1.890147583007812500e+03 7.024849037406966090e-05
5.179371833801269531e+00 1.889969970703125000e+03 7.015200390014797449e-05
5.229454517364501953e+00 1.889914550781250000e+03 6.599217886105179787e-05
5.266823768615722656e+00 1.890115112304687500e+03 7.056924368953332305e-05
5.329211235046386719e+00 1.889568481445312500e+03 7.208434544736519456e-05
5.402418613433837891e+00 1.889672851562500000e+03 6.973149720579385757e-05
5.250525474548339844e+00 1.889770019531250000e+03 6.936289719305932522e-05
5.430049896240234375e+00 1.889596679687500000e+03 7.685754826525226235e-05
5.366206169128417969e+00 1.889819335937500000e+03 7.323399040615186095e-05
5.515004158020019531e+00 1.889584106445312500e+03 8.385287219425663352e-05
5.511951923370361328e+00 1.889479370117187500e+03 7.822911720722913742e-05
5.499077796936035156e+00 1.889902343750000000e+03 7.859554898459464312e-05
5.475043296813964844e+00 1.889475341796875000e+03 7.126090349629521370e-05
5.407833099365234375e+00 1.889184448242187500e+03 7.640489639015868306e-05
5.549792766571044922e+00 1.889081665039062500e+03 8.440556121058762074e-05
5.638769626617431641e+00 1.889118041992187500e+03 8.013952174223959446e-05
5.740974426269531250e+00 1.889140747070312500e+03 9.251038864022120833e-05
5.753900051116943359e+00 1.888850219726562500e+03 8.444239210803061724e-05
5.637545108795166016e+00 1.888652099609375000e+03 8.214390254579484463e-05
5.825716972351074219e+00 1.889324462890625000e+03 8.216810965677723289e-05
5.731657505035400391e+00 1.888832397460937500e+03 7.807751535438001156e-05
5.781883716583251953e+00 1.889202514648437500e+03 9.240458166459575295e-05
5.804312229156494141e+00 1.888929321289062500e+03 8.076787344180047512e-05
5.645722866058349609e+00 1.888687622070312500e+03 8.431970491074025631e-05
5.690385818481445312e+00 1.888541625976562500e+03 8.662171603646129370e-05
5.899042129516601562e+00 1.888977905273437500e+03 8.960643754107877612e-05
5.896197319030761719e+00 1.888608276367187500e+03 9.634659363655373454e-05
5.865170001983642578e+00 1.889023437500000000e+03 9.082429460249841213e-05
6.030744552612304688e+00 1.888291503906250000e+03 9.940128074958920479e-05
6.046480178833007812e+00 1.888643432617187500e+03 9.794127254281193018e-05
5.969105720520019531e+00 1.888509765625000000e+03 9.673581371316686273e-05
6.079200267791748047e+00 1.888275146484375000e+03 9.701168164610862732e-05
6.174546241760253906e+00 1.888429565429687500e+03 9.405461605638265610e-05
6.211636066436767578e+00 1.888070800781250000e+03 8.958332182373851538e-05
6.322749137878417969e+00 1.887991577148437500e+03 9.388259786646813154e-05
6.080989360809326172e+00 1.888153442382812500e+03 9.896681149257346988e-05
6.175095081329345703e+00 1.887831176757812500e+03 1.040757488226518035e-04
6.286985397338867188e+00 1.887954589843750000e+03 1.058421985362656415e-04
6.149106502532958984e+00 1.887546386718750000e+03 1.139717205660417676e-04
6.308959960937500000e+00 1.887723632812500000e+03 1.048593476298265159e-04
6.250312805175781250e+00 1.887731079101562500e+03 9.942577889887616038e-05
6.327981948852539062e+00 1.887777954101562500e+03 9.768701420398429036e-05
6.179953575134277344e+00 1.887303955078125000e+03 1.039641065290197730e-04
6.365548610687255859e+00 1.887657714843750000e+03 1.066941185854375362e-04
6.217724800109863281e+00 1.887209716796875000e+03 1.064822281477972865e-04
6.435722827911376953e+00 1.887364624023437500e+03 1.102189344237558544e-04
6.403124809265136719e+00 1.887163696289062500e+03 1.184156353701837361e-04
6.488426685333251953e+00 1.887219604492187500e+03 1.073887251550331712e-04
6.494606494903564453e+00 1.887439697265625000e+03 1.160031024483032525e-04
6.601465702056884766e+00 1.887270385742187500e+03 1.274886453757062554e-04
6.436560630798339844e+00 1.886792480468750000e+03 1.060290742316283286e-04
6.592138290405273438e+00 1.887154418945312500e+03 1.246008032467216253e-04
6.636622428894042969e+00 1.886364746093750000e+03 1.285063917748630047e-04
6.614385128021240234e+00 1.886707519531250000e+03 1.220499616465531290e-04
6.685642242431640625e+00 1.886601074218750000e+03 1.111245437641628087e-04
6.715162277221679688e+00 1.886639648437500000e+03 1.288698404096066952e-04
6.619999408721923828e+00 1.886368408203125000e+03 1.206504530273377895e-04
6.602718353271484375e+00 1.886731811523437500e+03 1.306756312260404229e-04
6.898653030395507812e+00 1.886608154296875000e+03 1.180074395961128175e-04
6.668248176574707031e+00 1.886667358398437500e+03 1.212006609421223402e-04
7.034553527832031250e+00 1.886665893554687500e+03 1.259754790225997567e-04
6.929884433746337891e+00 1.886393798828125000e+03 1.317831629421561956e-04
6.904596328735351562e+00 1.886294067382812500e+03 1.484188833273947239e-04
6.773548603057861328e+00 1.886177246093750000e+03 1.288730854867026210e-04
