3.624336095526814461e-04 9.499996337890625000e+02 0.000000000000000000e+00
6.243859534151852131e-04 9.499993286132812500e+02 0.000000000000000000e+00
9.061471791937947273e-04 9.499989624023437500e+02 0.000000000000000000e+00
1.189636182971298695e-03 9.499988403320312500e+02 0.000000000000000000e+00
1.446065143682062626e-03 9.499984130859375000e+02 0.000000000000000000e+00
1.722663408145308495e-03 9.499982910156250000e+02 0.000000000000000000e+00
2.058953745290637016e-03 9.499977416992187500e+02 0.000000000000000000e+00
2.445757854729890823e-03 9.499976196289062500e+02 0.000000000000000000e+00
2.747101476415991783e-03 9.499970703125000000e+02 0.000000000000000000e+00
3.042694646865129471e-03 9.499967041015625000e+02 0.000000000000000000e+00
3.556112293154001236e-03 9.499962768554687500e+02 0.000000000000000000e+00
4.117400385439395905e-03 9.499956665039062500e+02 0.000000000000000000e+00
4.873423371464014053e-03 9.499949951171875000e+02 0.000000000000000000e+00
5.307506769895553589e-03 9.499944458007812500e+02 0.000000000000000000e+00
6.125193089246749878e-03 9.499937744140625000e+02 0.000000000000000000e+00
6.808036938309669495e-03 9.499928588867187500e+02 0.000000000000000000e+00
7.728382945060729980e-03 9.499917602539062500e+02 0.000000000000000000e+00
8.514129556715488434e-03 9.499913940429687500e+02 0.000000000000000000e+00
9.137874469161033630e-03 9.499906005859375000e+02 0.000000000000000000e+00
1.054386328905820847e-02 9.499900512695312500e+02 0.000000000000000000e+00
1.103530824184417725e-02 9.499883422851562500e+02 0.000000000000000000e+00
1.143896672874689102e-02 9.499879760742187500e+02 0.000000000000000000e+00
1.256139483302831650e-02 9.499871826171875000e+02 0.000000000000000000e+00
1.349515747278928757e-02 9.499858398437500000e+02 0.000000000000000000e+00
1.426231767982244492e-02 9.499854125976562500e+02 0.000000000000000000e+00
1.558926887810230255e-02 9.499848022460937500e+02 0.000000000000000000e+00
1.613262481987476349e-02 9.499839477539062500e+02 0.000000000000000000e+00
1.708871126174926758e-02 9.499814453125000000e+02 0.000000000000000000e+00
1.836592331528663635e-02 9.499810791015625000e+02 0.000000000000000000e+00
1.846223510801792145e-02 9.499800415039062500e+02 0.000000000000000000e+00
1.894069835543632507e-02 9.499786987304687500e+02 0.000000000000000000e+00
2.093562297523021698e-02 9.499779052734375000e+02 0.000000000000000000e+00
2.187397517263889313e-02 9.499774780273437500e+02 0.000000000000000000e+00
2.310303226113319397e-02 9.499768676757812500e+02 0.000000000000000000e+00
2.396149374544620514e-02 9.499748535156250000e+02 0.000000000000000000e+00
2.472614683210849762e-02 9.499746093750000000e+02 0.000000000000000000e+00
2.664417773485183716e-02 9.499729614257812500e+02 0.000000000000000000e+00
2.744995802640914917e-02 9.499713745117187500e+02 0.000000000000000000e+00
2.804390341043472290e-02 9.499679565429687500e+02 0.000000000000000000e+00
2.970559336245059967e-02 9.499691772460937500e+02 0.000000000000000000e+00
3.102724812924861908e-02 9.499674682617187500e+02 0.000000000000000000e+00
3.271740302443504333e-02 9.499642333984375000e+02 0.000000000000000000e+00
3.436237946152687073e-02 9.499631958007812500e+02 0.000000000000000000e+00
3.558038547635078430e-02 9.499613647460937500e+02 0.000000000000000000e+00
3.721114993095397949e-02 9.499616088867187500e+02 0.000000000000000000e+00
3.742285445332527161e-02 9.499568481445312500e+02 0.000000000000000000e+00
4.074770212173461914e-02 9.499580078125000000e+02 0.000000000000000000e+00
4.116658866405487061e-02 9.499576416015625000e+02 0.000000000000000000e+00
4.450853914022445679e-02 9.499537963867187500e+02 0.000000000000000000e+00
4.304191470146179199e-02 9.499520874023437500e+02 0.000000000000000000e+00
4.757296666502952576e-02 9.499522094726562500e+02 0.000000000000000000e+00
4.755561426281929016e-02 9.499507446289062500e+02 0.000000000000000000e+00
4.954380169510841370e-02 9.499475708007812500e+02 0.000000000000000000e+00
5.112965777516365051e-02 9.499474487304687500e+02 0.000000000000000000e+00
5.291745066642761230e-02 9.499436035156250000e+02 0.000000000000000000e+00
5.539350211620330811e-02 9.499397583007812500e+02 0.000000000000000000e+00
5.674889683723449707e-02 9.499422607421875000e+02 0.000000000000000000e+00
5.953266099095344543e-02 9.499351196289062500e+02 0.000000000000000000e+00
6.357131153345108032e-02 9.499332885742187500e+02 0.000000000000000000e+00
6.460200250148773193e-02 9.499323730468750000e+02 0.000000000000000000e+00
6.514877825975418091e-02 9.499288940429687500e+02 0.000000000000000000e+00
6.689189374446868896e-02 9.499307861328125000e+02 0.000000000000000000e+00
6.634214520454406738e-02 9.499261474609375000e+02 0.000000000000000000e+00
6.916820257902145386e-02 9.499261474609375000e+02 0.000000000000000000e+00
7.256916910409927368e-02 9.499187011718750000e+02 0.000000000000000000e+00
7.405639439821243286e-02 9.499179077148437500e+02 0.000000000000000000e+00
7.519290596246719360e-02 9.499225463867187500e+02 0.000000000000000000e+00
7.927066832780838013e-02 9.499132690429687500e+02 0.000000000000000000e+00
8.125279843807220459e-02 9.499122314453125000e+02 0.000000000000000000e+00
8.099358528852462769e-02 9.499060058593750000e+02 0.000000000000000000e+00
8.534332364797592163e-02 9.499118652343750000e+02 0.000000000000000000e+00
8.670027554035186768e-02 9.499047851562500000e+02 0.000000000000000000e+00
9.260495007038116455e-02 9.499072265625000000e+02 0.000000000000000000e+00
9.157117456197738647e-02 9.499011230468750000e+02 0.000000000000000000e+00
9.324789792299270630e-02 9.498970336914062500e+02 0.000000000000000000e+00
9.496821463108062744e-02 9.498951416015625000e+02 0.000000000000000000e+00
9.937556087970733643e-02 9.498952636718750000e+02 0.000000000000000000e+00
1.029051467776298523e-01 9.498919677734375000e+02 0.000000000000000000e+00
1.063867658376693726e-01 9.498878784179687500e+02 0.000000000000000000e+00
1.061734929680824280e-01 9.498832397460937500e+02 0.000000000000000000e+00
1.091928407549858093e-01 9.498854980468750000e+02 0.000000000000000000e+00
1.082835048437118530e-01 9.498818969726562500e+02 0.000000000000000000e+00
1.165275648236274719e-01 9.498779296875000000e+02 0.000000000000000000e+00
1.134127080440521240e-01 9.498697509765625000e+02 0.000000000000000000e+00
1.189881190657615662e-01 9.498731689453125000e+02 0.000000000000000000e+00
1.208777800202369690e-01 9.498706665039062500e+02 0.000000000000000000e+00
1.195973753929138184e-01 9.498731689453125000e+02 0.000000000000000000e+00
1.281141489744186401e-01 9.498671875000000000e+02 0.000000000000000000e+00
1.328438371419906616e-01 9.498572998046875000e+02 0.000000000000000000e+00
1.288727670907974243e-01 9.498585815429687500e+02 0.000000000000000000e+00
1.353375017642974854e-01 9.498558349609375000e+02 0.000000000000000000e+00
1.381851136684417725e-01 9.498546142578125000e+02 0.000000000000000000e+00
1.382474005222320557e-01 9.498527832031250000e+02 0.000000000000000000e+00
1.354689300060272217e-01 9.498406372070312500e+02 0.000000000000000000e+00
1.468293964862823486e-01 9.498440551757812500e+02 0.000000000000000000e+00
1.459466367959976196e-01 9.498361206054687500e+02 0.000000000000000000e+00
1.479153931140899658e-01 9.498431396484375000e+02 0.000000000000000000e+00
1.532602757215499878e-01 9.498374633789062500e+02 0.000000000000000000e+00
1.543580442667007446e-01 9.498256225585937500e+02 0.000000000000000000e+00
1.582365483045578003e-01 9.498259277343750000e+02 0.000000000000000000e+00
1.668060868978500366e-01 9.498226318359375000e+02 0.000000000000000000e+00
1.633530557155609131e-01 9.498195800781250000e+02 0.000000000000000000e+00
1.684964746236801147e-01 9.498215332031250000e+02 0.000000000000000000e+00
1.706221401691436768e-01 9.498189086914062500e+02 0.000000000000000000e+00
1.674971580505371094e-01 9.498074951171875000e+02 0.000000000000000000e+00
1.836870759725570679e-01 9.498055419921875000e+02 0.000000000000000000e+00
1.814748346805572510e-01 9.498074951171875000e+02 0.000000000000000000e+00
1.837568730115890503e-01 9.497892456054687500e+02 0.000000000000000000e+00
1.859069764614105225e-01 9.497995605468750000e+02 0.000000000000000000e+00
1.929360628128051758e-01 9.498052978515625000e+02 0.000000000000000000e+00
1.942569613456726074e-01 9.497979736328125000e+02 0.000000000000000000e+00
1.901696771383285522e-01 9.497965087890625000e+02 0.000000000000000000e+00
1.948798000812530518e-01 9.497851562500000000e+02 0.000000000000000000e+00
1.992051750421524048e-01 9.497828979492187500e+02 0.000000000000000000e+00
2.022198736667633057e-01 9.497672729492187500e+02 0.000000000000000000e+00
2.099793851375579834e-01 9.497797241210937500e+02 0.000000000000000000e+00
2.157654017210006714e-01 9.497810668945312500e+02 0.000000000000000000e+00
2.148517519235610962e-01 9.497716674804687500e+02 0.000000000000000000e+00
2.197862863540649414e-01 9.497640991210937500e+02 0.000000000000000000e+00
2.169955074787139893e-01 9.497416992187500000e+02 0.000000000000000000e+00
2.228317558765411377e-01 9.497619628906250000e+02 0.000000000000000000e+00
2.298846840858459473e-01 9.497569580078125000e+02 0.000000000000000000e+00
2.267465442419052124e-01 9.497372436523437500e+02 0.000000000000000000e+00
2.342073917388916016e-01 9.497385253906250000e+02 0.000000000000000000e+00
2.342690378427505493e-01 9.497542724609375000e+02 0.000000000000000000e+00
2.368285506963729858e-01 9.497487182617187500e+02 0.000000000000000000e+00
2.426266968250274658e-01 9.497230224609375000e+02 0.000000000000000000e+00
2.483739554882049561e-01 9.497439575195312500e+02 0.000000000000000000e+00
2.424287348985671997e-01 9.497312622070312500e+02 0.000000000000000000e+00
2.472767382860183716e-01 9.497225341796875000e+02 0.000000000000000000e+00
2.609658539295196533e-01 9.497192382812500000e+02 0.000000000000000000e+00
2.626963555812835693e-01 9.497139282226562500e+02 0.000000000000000000e+00
2.633209228515625000e-01 9.497025146484375000e+02 0.000000000000000000e+00
2.667218744754791260e-01 9.497048950195312500e+02 0.000000000000000000e+00
2.747561037540435791e-01 9.497082519531250000e+02 0.000000000000000000e+00
2.737668454647064209e-01 9.496900634765625000e+02 0.000000000000000000e+00
2.818568050861358643e-01 9.496989746093750000e+02 0.000000000000000000e+00
2.848128676414489746e-01 9.496804199218750000e+02 0.000000000000000000e+00
2.898526489734649658e-01 9.497029418945312500e+02 0.000000000000000000e+00
2.816177308559417725e-01 9.496805419921875000e+02 0.000000000000000000e+00
2.932073473930358887e-01 9.496752319335937500e+02 0.000000000000000000e+00
2.999802529811859131e-01 9.496671142578125000e+02 0.000000000000000000e+00
2.952166497707366943e-01 9.496655273437500000e+02 0.000000000000000000e+00
3.080164194107055664e-01 9.496748657226562500e+02 0.000000000000000000e+00
3.175911307334899902e-01 9.496527099609375000e+02 0.000000000000000000e+00
3.137719333171844482e-01 9.496532592773437500e+02 0.000000000000000000e+00
3.064971268177032471e-01 9.496658325195312500e+02 0.000000000000000000e+00
3.143743574619293213e-01 9.496692504882812500e+02 0.000000000000000000e+00
3.213030099868774414e-01 9.496354980468750000e+02 0.000000000000000000e+00
3.283235132694244385e-01 9.496536254882812500e+02 0.000000000000000000e+00
3.323492705821990967e-01 9.496230468750000000e+02 0.000000000000000000e+00
3.267200887203216553e-01 9.496115112304687500e+02 0.000000000000000000e+00
3.426391482353210449e-01 9.496029052734375000e+02 0.000000000000000000e+00
3.369031846523284912e-01 9.496343994140625000e+02 0.000000000000000000e+00
3.501501381397247314e-01 9.496110229492187500e+02 0.000000000000000000e+00
3.491156101226806641e-01 9.496184082031250000e+02 0.000000000000000000e+00
3.507597744464874268e-01 9.496154785156250000e+02 0.000000000000000000e+00
3.562598526477813721e-01 9.495773925781250000e+02 0.000000000000000000e+00
3.610497415065765381e-01 9.496172485351562500e+02 0.000000000000000000e+00
3.662224113941192627e-01 9.495646362304687500e+02 0.000000000000000000e+00
3.673943579196929932e-01 9.495831909179687500e+02 0.000000000000000000e+00
3.802214264869689941e-01 9.495948486328125000e+02 0.000000000000000000e+00
3.903418481349945068e-01 9.495930175781250000e+02 0.000000000000000000e+00
3.863335549831390381e-01 9.495571289062500000e+02 0.000000000000000000e+00
3.878720998764038086e-01 9.495764160156250000e+02 0.000000000000000000e+00
3.975689411163330078e-01 9.495493164062500000e+02 0.000000000000000000e+00
4.091806709766387939e-01 9.495576782226562500e+02 0.000000000000000000e+00
3.959162533283233643e-01 9.495203247070312500e+02 0.000000000000000000e+00
4.123814702033996582e-01 9.495278320312500000e+02 0.000000000000000000e+00
4.142799377441406250e-01 9.495363159179687500e+02 0.000000000000000000e+00
4.139178991317749023e-01 9.495437622070312500e+02 0.000000000000000000e+00
4.337449967861175537e-01 9.495248413085937500e+02 0.000000000000000000e+00
4.150264263153076172e-01 9.495372314453125000e+02 0.000000000000000000e+00
4.391098916530609131e-01 9.495004272460937500e+02 0.000000000000000000e+00
4.282755255699157715e-01 9.495239868164062500e+02 0.000000000000000000e+00
4.363813102245330811e-01 9.494870605468750000e+02 0.000000000000000000e+00
4.482487142086029053e-01 9.495085449218750000e+02 0.000000000000000000e+00
4.558357000350952148e-01 9.494939575195312500e+02 0.000000000000000000e+00
4.689493477344512939e-01 9.494816894531250000e+02 0.000000000000000000e+00
4.609943628311157227e-01 9.495014038085937500e+02 0.000000000000000000e+00
4.727095663547515869e-01 9.494719848632812500e+02 0.000000000000000000e+00
4.655860960483551025e-01 9.494816894531250000e+02 0.000000000000000000e+00
4.704084098339080811e-01 9.494523925781250000e+02 0.000000000000000000e+00
4.895294904708862305e-01 9.494025878906250000e+02 0.000000000000000000e+00
4.832160174846649170e-01 9.494475097656250000e+02 0.000000000000000000e+00
4.858468174934387207e-01 9.494497680664062500e+02 0.000000000000000000e+00
4.970493614673614502e-01 9.494181518554687500e+02 0.000000000000000000e+00
5.079368352890014648e-01 9.494465942382812500e+02 0.000000000000000000e+00
5.041144490242004395e-01 9.494370727539062500e+02 0.000000000000000000e+00
5.247541666030883789e-01 9.494160766601562500e+02 0.000000000000000000e+00
5.131261944770812988e-01 9.493782348632812500e+02 0.000000000000000000e+00
5.228811502456665039e-01 9.493745117187500000e+02 0.000000000000000000e+00
5.443981885910034180e-01 9.493864135742187500e+02 0.000000000000000000e+00
5.368740558624267578e-01 9.493993530273437500e+02 0.000000000000000000e+00
5.622661113739013672e-01 9.493555908203125000e+02 0.000000000000000000e+00
5.590112805366516113e-01 9.493724975585937500e+02 0.000000000000000000e+00
5.456397533416748047e-01 9.494031982421875000e+02 0.000000000000000000e+00
5.590646862983703613e-01 9.493356933593750000e+02 0.000000000000000000e+00
5.562056303024291992e-01 9.493526611328125000e+02 0.000000000000000000e+00
5.738119482994079590e-01 9.493773803710937500e+02 0.000000000000000000e+00
5.887768268585205078e-01 9.493572998046875000e+02 0.000000000000000000e+00
5.859723091125488281e-01 9.493382568359375000e+02 0.000000000000000000e+00
6.048637628555297852e-01 9.493494873046875000e+02 0.000000000000000000e+00
6.040602326393127441e-01 9.493453979492187500e+02 0.000000000000000000e+00
6.108151674270629883e-01 9.492955932617187500e+02 0.000000000000000000e+00
5.909836292266845703e-01 9.492999877929687500e+02 0.000000000000000000e+00
6.261464357376098633e-01 9.493171386718750000e+02 0.000000000000000000e+00
6.048364639282226562e-01 9.492254638671875000e+02 0.000000000000000000e+00
6.196384429931640625e-01 9.492299804687500000e+02 0.000000000000000000e+00
6.422232389450073242e-01 9.492619018554687500e+02 0.000000000000000000e+00
6.446423530578613281e-01 9.492648315429687500e+02 0.000000000000000000e+00
6.302785873413085938e-01 9.492409667968750000e+02 0.000000000000000000e+00
6.580640673637390137e-01 9.492417602539062500e+02 0.000000000000000000e+00
6.767606735229492188e-01 9.492276000976562500e+02 0.000000000000000000e+00
6.499826312065124512e-01 9.491831054687500000e+02 0.000000000000000000e+00
6.691930890083312988e-01 9.492304077148437500e+02 0.000000000000000000e+00
6.940729618072509766e-01 9.492111816406250000e+02 0.000000000000000000e+00
6.995646357536315918e-01 9.491575927734375000e+02 0.000000000000000000e+00
6.996082663536071777e-01 9.491875000000000000e+02 0.000000000000000000e+00
6.972792148590087891e-01 9.492095947265625000e+02 0.000000000000000000e+00
7.147964835166931152e-01 9.492044677734375000e+02 0.000000000000000000e+00
7.325235009193420410e-01 9.491777343750000000e+02 0.000000000000000000e+00
7.188635468482971191e-01 9.491745605468750000e+02 0.000000000000000000e+00
7.353814840316772461e-01 9.491853637695312500e+02 0.000000000000000000e+00
7.192991375923156738e-01 9.491300048828125000e+02 0.000000000000000000e+00
7.311707139015197754e-01 9.491598510742187500e+02 0.000000000000000000e+00
7.798157930374145508e-01 9.490742187500000000e+02 0.000000000000000000e+00
7.575918436050415039e-01 9.491430053710937500e+02 0.000000000000000000e+00
7.799901366233825684e-01 9.491336059570312500e+02 0.000000000000000000e+00
7.783576846122741699e-01 9.490828247070312500e+02 0.000000000000000000e+00
8.012986779212951660e-01 9.490769042968750000e+02 0.000000000000000000e+00
7.776077985763549805e-01 9.490508422851562500e+02 0.000000000000000000e+00
7.852780222892761230e-01 9.491126098632812500e+02 0.000000000000000000e+00
8.231242895126342773e-01 9.490836181640625000e+02 0.000000000000000000e+00
8.075108528137207031e-01 9.490062866210937500e+02 0.000000000000000000e+00
8.179233074188232422e-01 9.491143798828125000e+02 0.000000000000000000e+00
8.459487557411193848e-01 9.490300292968750000e+02 0.000000000000000000e+00
8.512539863586425781e-01 9.490637817382812500e+02 0.000000000000000000e+00
8.479601144790649414e-01 9.490604858398437500e+02 0.000000000000000000e+00
8.548963069915771484e-01 9.490410156250000000e+02 0.000000000000000000e+00
8.740076422691345215e-01 9.489431152343750000e+02 0.000000000000000000e+00
8.676404953002929688e-01 9.489649658203125000e+02 0.000000000000000000e+00
8.778963685035705566e-01 9.489819335937500000e+02 0.000000000000000000e+00
8.594952225685119629e-01 9.489642944335937500e+02 0.000000000000000000e+00
8.885878324508666992e-01 9.489473876953125000e+02 0.000000000000000000e+00
8.664705157279968262e-01 9.489330444335937500e+02 0.000000000000000000e+00
9.221454262733459473e-01 9.489705200195312500e+02 0.000000000000000000e+00
9.050776958465576172e-01 9.489094238281250000e+02 0.000000000000000000e+00
8.993313312530517578e-01 9.489210205078125000e+02 0.000000000000000000e+00
9.023613333702087402e-01 9.489305419921875000e+02 0.000000000000000000e+00
9.223499894142150879e-01 9.489031982421875000e+02 0.000000000000000000e+00
9.428331255912780762e-01 9.489406127929687500e+02 0.000000000000000000e+00
9.405027031898498535e-01 9.489194335937500000e+02 0.000000000000000000e+00
9.535269141197204590e-01 9.488939208984375000e+02 0.000000000000000000e+00
9.344226121902465820e-01 9.488661499023437500e+02 0.000000000000000000e+00
9.781910181045532227e-01 9.487350463867187500e+02 0.000000000000000000e+00
9.892611503601074219e-01 9.487921142578125000e+02 0.000000000000000000e+00
1.016026258468627930e+00 9.487646484375000000e+02 0.000000000000000000e+00
1.023491263389587402e+00 9.488143310546875000e+02 0.000000000000000000e+00
1.016792893409729004e+00 9.487759399414062500e+02 0.000000000000000000e+00
1.043373584747314453e+00 9.488359985351562500e+02 0.000000000000000000e+00
1.065569281578063965e+00 9.487666625976562500e+02 0.000000000000000000e+00
1.030049085617065430e+00 9.486810913085937500e+02 0.000000000000000000e+00
1.069481492042541504e+00 9.487448120117187500e+02 0.000000000000000000e+00
1.102010369300842285e+00 9.486797485351562500e+02 0.000000000000000000e+00
1.106634974479675293e+00 9.487914428710937500e+02 0.000000000000000000e+00
1.101524829864501953e+00 9.487412109375000000e+02 0.000000000000000000e+00
1.069958448410034180e+00 9.487919311523437500e+02 0.000000000000000000e+00
1.115724563598632812e+00 9.487213134765625000e+02 0.000000000000000000e+00
1.114857673645019531e+00 9.486690063476562500e+02 0.000000000000000000e+00
1.123751878738403320e+00 9.486186523437500000e+02 0.000000000000000000e+00
1.122431755065917969e+00 9.486461791992187500e+02 0.000000000000000000e+00
1.111363530158996582e+00 9.486679687500000000e+02 0.000000000000000000e+00
1.168106317520141602e+00 9.487131347656250000e+02 0.000000000000000000e+00
1.166219711303710938e+00 9.486630859375000000e+02 0.000000000000000000e+00
1.150878429412841797e+00 9.486555175781250000e+02 0.000000000000000000e+00
1.176577687263488770e+00 9.485937500000000000e+02 0.000000000000000000e+00
1.179221987724304199e+00 9.485186767578125000e+02 0.000000000000000000e+00
1.218980431556701660e+00 9.486001586914062500e+02 0.000000000000000000e+00
1.191168069839477539e+00 9.485251464843750000e+02 0.000000000000000000e+00
1.171841144561767578e+00 9.486087646484375000e+02 0.000000000000000000e+00
1.242491602897644043e+00 9.484915771484375000e+02 0.000000000000000000e+00
1.208137869834899902e+00 9.485811767578125000e+02 0.000000000000000000e+00
1.266933798789978027e+00 9.485523681640625000e+02 0.000000000000000000e+00
1.245998024940490723e+00 9.485382690429687500e+02 0.000000000000000000e+00
1.267967700958251953e+00 9.484591064453125000e+02 0.000000000000000000e+00
1.255795121192932129e+00 9.485288085937500000e+02 0.000000000000000000e+00
1.275082588195800781e+00 9.484238891601562500e+02 0.000000000000000000e+00
1.300759911537170410e+00 9.483851928710937500e+02 0.000000000000000000e+00
1.317153692245483398e+00 9.483736572265625000e+02 0.000000000000000000e+00
1.328428506851196289e+00 9.484161987304687500e+02 0.000000000000000000e+00
1.319899320602416992e+00 9.483355102539062500e+02 0.000000000000000000e+00
1.335346102714538574e+00 9.482672729492187500e+02 0.000000000000000000e+00
1.343613982200622559e+00 9.484000244140625000e+02 0.000000000000000000e+00
1.389733910560607910e+00 9.483649291992187500e+02 0.000000000000000000e+00
1.345536828041076660e+00 9.482763671875000000e+02 0.000000000000000000e+00
1.363706946372985840e+00 9.483784179687500000e+02 0.000000000000000000e+00
1.350255131721496582e+00 9.483432006835937500e+02 0.000000000000000000e+00
1.404989242553710938e+00 9.483610839843750000e+02 0.000000000000000000e+00
1.482397556304931641e+00 9.482537231445312500e+02 0.000000000000000000e+00
1.460969924926757812e+00 9.482311401367187500e+02 0.000000000000000000e+00
1.412121295928955078e+00 9.481679687500000000e+02 0.000000000000000000e+00
1.494396686553955078e+00 9.482321166992187500e+02 0.000000000000000000e+00
1.459940075874328613e+00 9.482125244140625000e+02 0.000000000000000000e+00
1.493684887886047363e+00 9.481498413085937500e+02 0.000000000000000000e+00
1.463359832763671875e+00 9.482110595703125000e+02 0.000000000000000000e+00
1.518494844436645508e+00 9.482195434570312500e+02 0.000000000000000000e+00
1.505367517471313477e+00 9.481008911132812500e+02 0.000000000000000000e+00
1.544607520103454590e+00 9.482288208007812500e+02 0.000000000000000000e+00
1.544218063354492188e+00 9.480343627929687500e+02 0.000000000000000000e+00
1.568244695663452148e+00 9.480838623046875000e+02 0.000000000000000000e+00
1.541465997695922852e+00 9.481519165039062500e+02 0.000000000000000000e+00
1.609725236892700195e+00 9.480499877929687500e+02 0.000000000000000000e+00
1.558966636657714844e+00 9.480998535156250000e+02 0.000000000000000000e+00
1.573799371719360352e+00 9.479663085937500000e+02 0.000000000000000000e+00
1.583647847175598145e+00 9.480663452148437500e+02 0.000000000000000000e+00
1.695709109306335449e+00 9.480101318359375000e+02 0.000000000000000000e+00
1.601071000099182129e+00 9.480159912109375000e+02 0.000000000000000000e+00
1.647735834121704102e+00 9.480988159179687500e+02 0.000000000000000000e+00
1.626750111579895020e+00 9.477993774414062500e+02 0.000000000000000000e+00
1.658309340476989746e+00 9.478335571289062500e+02 0.000000000000000000e+00
1.737707257270812988e+00 9.479039916992187500e+02 0.000000000000000000e+00
1.709754347801208496e+00 9.479414672851562500e+02 0.000000000000000000e+00
1.722779870033264160e+00 9.477319946289062500e+02 0.000000000000000000e+00
1.687667965888977051e+00 9.479719848632812500e+02 0.000000000000000000e+00
1.779651522636413574e+00 9.477847900390625000e+02 0.000000000000000000e+00
1.734014034271240234e+00 9.479097900390625000e+02 0.000000000000000000e+00
1.708086729049682617e+00 9.479597778320312500e+02 0.000000000000000000e+00
1.753174304962158203e+00 9.477128295898437500e+02 0.000000000000000000e+00
1.794381618499755859e+00 9.477138671875000000e+02 0.000000000000000000e+00
1.822771310806274414e+00 9.477454223632812500e+02 0.000000000000000000e+00
1.832220196723937988e+00 9.477255249023437500e+02 0.000000000000000000e+00
1.878474354743957520e+00 9.478818359375000000e+02 0.000000000000000000e+00
1.822826623916625977e+00 9.477532958984375000e+02 0.000000000000000000e+00
1.868209004402160645e+00 9.475669555664062500e+02 0.000000000000000000e+00
1.895235300064086914e+00 9.477073974609375000e+02 0.000000000000000000e+00
1.897774457931518555e+00 9.476623535156250000e+02 0.000000000000000000e+00
1.846641778945922852e+00 9.476553955078125000e+02 0.000000000000000000e+00
1.937216281890869141e+00 9.475628662109375000e+02 0.000000000000000000e+00
1.903894543647766113e+00 9.476490478515625000e+02 0.000000000000000000e+00
1.945205092430114746e+00 9.474912719726562500e+02 0.000000000000000000e+00
1.909158825874328613e+00 9.476841430664062500e+02 0.000000000000000000e+00
1.995668649673461914e+00 9.475661621093750000e+02 0.000000000000000000e+00
1.960860490798950195e+00 9.476056518554687500e+02 0.000000000000000000e+00
1.999388217926025391e+00 9.475766601562500000e+02 0.000000000000000000e+00
2.014391899108886719e+00 9.474979248046875000e+02 0.000000000000000000e+00
1.965189576148986816e+00 9.475245361328125000e+02 0.000000000000000000e+00
2.007469177246093750e+00 9.473744506835937500e+02 0.000000000000000000e+00
2.045046567916870117e+00 9.475062255859375000e+02 0.000000000000000000e+00
2.048539400100708008e+00 9.474655761718750000e+02 0.000000000000000000e+00
2.068315267562866211e+00 9.472405395507812500e+02 0.000000000000000000e+00
2.099214792251586914e+00 9.473699340820312500e+02 0.000000000000000000e+00
2.112068176269531250e+00 9.473866577148437500e+02 0.000000000000000000e+00
2.067378282546997070e+00 9.472983398437500000e+02 0.000000000000000000e+00
2.188035249710083008e+00 9.474388427734375000e+02 0.000000000000000000e+00
2.187495946884155273e+00 9.473142089843750000e+02 0.000000000000000000e+00
2.173304080963134766e+00 9.473642578125000000e+02 0.000000000000000000e+00
2.176509141921997070e+00 9.472804565429687500e+02 0.000000000000000000e+00
2.200928688049316406e+00 9.471235351562500000e+02 0.000000000000000000e+00
2.201472282409667969e+00 9.472205200195312500e+02 0.000000000000000000e+00
2.232106685638427734e+00 9.471396484375000000e+02 0.000000000000000000e+00
2.194129943847656250e+00 9.472050170898437500e+02 0.000000000000000000e+00
2.185167312622070312e+00 9.472260742187500000e+02 0.000000000000000000e+00
2.249804496765136719e+00 9.472596435546875000e+02 0.000000000000000000e+00
2.297635316848754883e+00 9.471006469726562500e+02 0.000000000000000000e+00
2.327642679214477539e+00 9.471752929687500000e+02 0.000000000000000000e+00
2.305256843566894531e+00 9.470120239257812500e+02 0.000000000000000000e+00
2.287660598754882812e+00 9.471836547851562500e+02 0.000000000000000000e+00
2.326149463653564453e+00 9.471421508789062500e+02 0.000000000000000000e+00
2.335640192031860352e+00 9.469927978515625000e+02 0.000000000000000000e+00
2.331459283828735352e+00 9.468890991210937500e+02 0.000000000000000000e+00
2.321805477142333984e+00 9.471370849609375000e+02 0.000000000000000000e+00
2.367109775543212891e+00 9.470572509765625000e+02 0.000000000000000000e+00
2.311884164810180664e+00 9.469881591796875000e+02 0.000000000000000000e+00
2.392210483551025391e+00 9.470413208007812500e+02 0.000000000000000000e+00
2.379287481307983398e+00 9.469345703125000000e+02 0.000000000000000000e+00
2.409925937652587891e+00 9.470008544921875000e+02 0.000000000000000000e+00
2.497375011444091797e+00 9.468206176757812500e+02 0.000000000000000000e+00
2.431200504302978516e+00 9.467905273437500000e+02 0.000000000000000000e+00
2.516403913497924805e+00 9.469021606445312500e+02 0.000000000000000000e+00
2.509073495864868164e+00 9.469655761718750000e+02 0.000000000000000000e+00
2.487955570220947266e+00 9.468900146484375000e+02 0.000000000000000000e+00
2.515761137008666992e+00 9.467066040039062500e+02 0.000000000000000000e+00
2.497353315353393555e+00 9.465468139648437500e+02 0.000000000000000000e+00
2.556611299514770508e+00 9.467663574218750000e+02 0.000000000000000000e+00
2.541889429092407227e+00 9.465422973632812500e+02 0.000000000000000000e+00
2.570162057876586914e+00 9.466585083007812500e+02 0.000000000000000000e+00
2.580668926239013672e+00 9.467206420898437500e+02 0.000000000000000000e+00
2.605257034301757812e+00 9.465428466796875000e+02 0.000000000000000000e+00
2.707337141036987305e+00 9.464282836914062500e+02 0.000000000000000000e+00
2.621632337570190430e+00 9.465158691406250000e+02 0.000000000000000000e+00
2.674688100814819336e+00 9.466083984375000000e+02 0.000000000000000000e+00
2.668245553970336914e+00 9.463935546875000000e+02 0.000000000000000000e+00
2.737804651260375977e+00 9.464354248046875000e+02 0.000000000000000000e+00
2.752324819564819336e+00 9.465891723632812500e+02 0.000000000000000000e+00
2.772099971771240234e+00 9.464269409179687500e+02 0.000000000000000000e+00
2.703330516815185547e+00 9.462252807617187500e+02 0.000000000000000000e+00
2.765762805938720703e+00 9.462863159179687500e+02 0.000000000000000000e+00
2.706067323684692383e+00 9.462504882812500000e+02 0.000000000000000000e+00
2.789561271667480469e+00 9.465663452148437500e+02 0.000000000000000000e+00
2.837104797363281250e+00 9.464279785156250000e+02 0.000000000000000000e+00
2.855082511901855469e+00 9.463649291992187500e+02 0.000000000000000000e+00
2.907341718673706055e+00 9.462877197265625000e+02 0.000000000000000000e+00
2.848329544067382812e+00 9.463153686523437500e+02 0.000000000000000000e+00
2.943696498870849609e+00 9.463493041992187500e+02 0.000000000000000000e+00
2.888865232467651367e+00 9.462108764648437500e+02 0.000000000000000000e+00
2.960857868194580078e+00 9.462549438476562500e+02 0.000000000000000000e+00
2.874104976654052734e+00 9.460927734375000000e+02 0.000000000000000000e+00
3.012576341629028320e+00 9.460723876953125000e+02 0.000000000000000000e+00
2.894445657730102539e+00 9.462667846679687500e+02 0.000000000000000000e+00
2.904164552688598633e+00 9.460135498046875000e+02 0.000000000000000000e+00
3.073729038238525391e+00 9.462761840820312500e+02 0.000000000000000000e+00
3.103199243545532227e+00 9.459049072265625000e+02 0.000000000000000000e+00
3.062262773513793945e+00 9.458256835937500000e+02 0.000000000000000000e+00
3.113989591598510742e+00 9.460396118164062500e+02 0.000000000000000000e+00
3.128880500793457031e+00 9.459636840820312500e+02 0.000000000000000000e+00
3.030173301696777344e+00 9.458690795898437500e+02 0.000000000000000000e+00
3.067484378814697266e+00 9.457813110351562500e+02 0.000000000000000000e+00
3.021072864532470703e+00 9.458539428710937500e+02 0.000000000000000000e+00
3.086704492568969727e+00 9.459117431640625000e+02 0.000000000000000000e+00
3.169567108154296875e+00 9.459260253906250000e+02 0.000000000000000000e+00
3.205625057220458984e+00 9.456245727539062500e+02 0.000000000000000000e+00
3.201929092407226562e+00 9.458176879882812500e+02 0.000000000000000000e+00
3.093547344207763672e+00 9.458945922851562500e+02 0.000000000000000000e+00
3.251755475997924805e+00 9.457167358398437500e+02 0.000000000000000000e+00
3.185586214065551758e+00 9.457175292968750000e+02 0.000000000000000000e+00
3.247265815734863281e+00 9.455304565429687500e+02 0.000000000000000000e+00
3.344756603240966797e+00 9.456519165039062500e+02 0.000000000000000000e+00
3.343292474746704102e+00 9.455017700195312500e+02 0.000000000000000000e+00
3.323935508728027344e+00 9.456643676757812500e+02 0.000000000000000000e+00
3.389096260070800781e+00 9.454266357421875000e+02 0.000000000000000000e+00
3.364640235900878906e+00 9.452841186523437500e+02 0.000000000000000000e+00
3.277327775955200195e+00 9.455901489257812500e+02 0.000000000000000000e+00
3.495847225189208984e+00 9.457061767578125000e+02 0.000000000000000000e+00
3.520970106124877930e+00 9.453540039062500000e+02 0.000000000000000000e+00
3.420182228088378906e+00 9.454609985351562500e+02 0.000000000000000000e+00
3.509775400161743164e+00 9.453710937500000000e+02 0.000000000000000000e+00
3.545486688613891602e+00 9.455443115234375000e+02 0.000000000000000000e+00
3.409945249557495117e+00 9.451804809570312500e+02 0.000000000000000000e+00
3.449197530746459961e+00 9.452004394531250000e+02 0.000000000000000000e+00
3.612469196319580078e+00 9.451414184570312500e+02 0.000000000000000000e+00
3.553646087646484375e+00 9.452050781250000000e+02 0.000000000000000000e+00
3.610208988189697266e+00 9.451627197265625000e+02 0.000000000000000000e+00
3.593886137008666992e+00 9.452705078125000000e+02 0.000000000000000000e+00
3.592607259750366211e+00 9.449196777343750000e+02 0.000000000000000000e+00
3.665488481521606445e+00 9.453790283203125000e+02 0.000000000000000000e+00
3.635295152664184570e+00 9.449979858398437500e+02 0.000000000000000000e+00
3.691343307495117188e+00 9.451947631835937500e+02 0.000000000000000000e+00
3.675360202789306641e+00 9.450917968750000000e+02 0.000000000000000000e+00
3.647405862808227539e+00 9.451142578125000000e+02 0.000000000000000000e+00
3.694651603698730469e+00 9.451650390625000000e+02 0.000000000000000000e+00
3.675889253616333008e+00 9.448428955078125000e+02 0.000000000000000000e+00
3.830846309661865234e+00 9.448636474609375000e+02 0.000000000000000000e+00
3.855124950408935547e+00 9.449317626953125000e+02 0.000000000000000000e+00
3.771646499633789062e+00 9.448301391601562500e+02 0.000000000000000000e+00
3.855143308639526367e+00 9.450867919921875000e+02 0.000000000000000000e+00
3.872006416320800781e+00 9.447478027343750000e+02 0.000000000000000000e+00
3.760983943939208984e+00 9.447531738281250000e+02 0.000000000000000000e+00
3.924950122833251953e+00 9.447634887695312500e+02 0.000000000000000000e+00
3.760301589965820312e+00 9.450017700195312500e+02 0.000000000000000000e+00
3.896346569061279297e+00 9.447113037109375000e+02 0.000000000000000000e+00
3.915338516235351562e+00 9.446489257812500000e+02 0.000000000000000000e+00
3.975650787353515625e+00 9.448006591796875000e+02 0.000000000000000000e+00
4.069491386413574219e+00 9.445634765625000000e+02 0.000000000000000000e+00
3.951396226882934570e+00 9.444447021484375000e+02 0.000000000000000000e+00
3.947174072265625000e+00 9.442247314453125000e+02 0.000000000000000000e+00
4.033719062805175781e+00 9.445273437500000000e+02 0.000000000000000000e+00
3.934595584869384766e+00 9.444410400390625000e+02 0.000000000000000000e+00
4.051667690277099609e+00 9.446044921875000000e+02 0.000000000000000000e+00
4.093046665191650391e+00 9.445678100585937500e+02 0.000000000000000000e+00
4.020756721496582031e+00 9.442926025390625000e+02 0.000000000000000000e+00
4.130147933959960938e+00 9.444894409179687500e+02 0.000000000000000000e+00
4.087340831756591797e+00 9.443019409179687500e+02 0.000000000000000000e+00
4.021965503692626953e+00 9.440191650390625000e+02 0.000000000000000000e+00
4.153889656066894531e+00 9.442771606445312500e+02 0.000000000000000000e+00
4.230473518371582031e+00 9.445570068359375000e+02 0.000000000000000000e+00
4.173689365386962891e+00 9.445081787109375000e+02 0.000000000000000000e+00
4.160496234893798828e+00 9.442184448242187500e+02 0.000000000000000000e+00
4.131585121154785156e+00 9.439921264648437500e+02 0.000000000000000000e+00
4.322128772735595703e+00 9.439873657226562500e+02 0.000000000000000000e+00
4.315575122833251953e+00 9.438948974609375000e+02 0.000000000000000000e+00
4.250267982482910156e+00 9.438479614257812500e+02 0.000000000000000000e+00
4.350486755371093750e+00 9.441282348632812500e+02 0.000000000000000000e+00
4.295169830322265625e+00 9.438797607421875000e+02 0.000000000000000000e+00
4.386460781097412109e+00 9.440477905273437500e+02 0.000000000000000000e+00
4.267207622528076172e+00 9.439711303710937500e+02 0.000000000000000000e+00
4.396708488464355469e+00 9.440422363281250000e+02 0.000000000000000000e+00
4.482041358947753906e+00 9.438271484375000000e+02 0.000000000000000000e+00
4.495212078094482422e+00 9.435347900390625000e+02 0.000000000000000000e+00
4.482136249542236328e+00 9.435560302734375000e+02 0.000000000000000000e+00
4.571074962615966797e+00 9.437241821289062500e+02 0.000000000000000000e+00
4.492435455322265625e+00 9.439400024414062500e+02 0.000000000000000000e+00
4.577601432800292969e+00 9.435592651367187500e+02 0.000000000000000000e+00
4.428557872772216797e+00 9.436618652343750000e+02 0.000000000000000000e+00
4.611678600311279297e+00 9.435302734375000000e+02 0.000000000000000000e+00
4.638329982757568359e+00 9.438104248046875000e+02 0.000000000000000000e+00
4.674644947052001953e+00 9.430531616210937500e+02 0.000000000000000000e+00
4.686233520507812500e+00 9.434844360351562500e+02 0.000000000000000000e+00
4.767454147338867188e+00 9.432437744140625000e+02 0.000000000000000000e+00
4.672063350677490234e+00 9.435021972656250000e+02 0.000000000000000000e+00
