1.562390290200710297e-02 1.499979492187500000e+03 2.236287599544084514e-08
2.354196831583976746e-02 1.499966918945312500e+03 7.043385608085372951e-08
3.433048725128173828e-02 1.499951049804687500e+03 1.652872754220879870e-07
4.577681049704551697e-02 1.499931152343750000e+03 3.403407333735231077e-07
6.064761057496070862e-02 1.499907958984375000e+03 6.289511134127678815e-07
7.747460156679153442e-02 1.499881713867187500e+03 1.022651645143923815e-06
9.467806667089462280e-02 1.499855346679687500e+03 1.587844053574372083e-06
1.138189658522605896e-01 1.499821777343750000e+03 2.446708322167978622e-06
1.372599005699157715e-01 1.499777709960937500e+03 3.644918479039915837e-06
1.601217985153198242e-01 1.499748535156250000e+03 4.875999366049654782e-06
1.856337934732437134e-01 1.499705566406250000e+03 6.703795861540129408e-06
2.123503237962722778e-01 1.499656250000000000e+03 9.205488822772167623e-06
2.419506609439849854e-01 1.499607177734375000e+03 1.205401804327266291e-05
2.752920091152191162e-01 1.499540649414062500e+03 1.548021828057244420e-05
3.114853501319885254e-01 1.499499267578125000e+03 1.948298086063005030e-05
3.428834676742553711e-01 1.499435791015625000e+03 2.461875192238949239e-05
3.869872093200683594e-01 1.499379882812500000e+03 3.117428423138335347e-05
4.256081879138946533e-01 1.499286865234375000e+03 3.792272400460205972e-05
4.739446341991424561e-01 1.499222900390625000e+03 4.771034218720160425e-05
5.125263929367065430e-01 1.499133911132812500e+03 5.728798714699223638e-05
5.636095404624938965e-01 1.499070190429687500e+03 6.805529847042635083e-05
6.121814250946044922e-01 1.498957641601562500e+03 8.162109588738530874e-05
6.559683680534362793e-01 1.498873413085937500e+03 9.466883057029917836e-05
7.286052107810974121e-01 1.498788940429687500e+03 1.149520685430616140e-04
7.804217934608459473e-01 1.498650756835937500e+03 1.337474095635116100e-04
8.427787423133850098e-01 1.498563598632812500e+03 1.545002305647358298e-04
9.144147038459777832e-01 1.498469360351562500e+03 1.787440560292452574e-04
9.809516072273254395e-01 1.498329101562500000e+03 2.129471686203032732e-04
1.054000735282897949e+00 1.498235717773437500e+03 2.420833770884200931e-04
1.125311374664306641e+00 1.498082153320312500e+03 2.731831627897918224e-04
1.209001064300537109e+00 1.497944946289062500e+03 3.210397553630173206e-04
1.282391548156738281e+00 1.497836303710937500e+03 3.649623249657452106e-04
1.382442474365234375e+00 1.497659301757812500e+03 4.125142877455800772e-04
1.459021806716918945e+00 1.497567138671875000e+03 4.745135665871202946e-04
1.563754796981811523e+00 1.497367431640625000e+03 5.292613059282302856e-04
1.636468052864074707e+00 1.497194824218750000e+03 6.057841237634420395e-04
1.743767857551574707e+00 1.497040649414062500e+03 6.583506474271416664e-04
1.844436049461364746e+00 1.496833984375000000e+03 7.822294719517230988e-04
1.965719223022460938e+00 1.496719848632812500e+03 8.513390785083174706e-04
2.072255373001098633e+00 1.496534423828125000e+03 9.395884699188172817e-04
2.190109252929687500e+00 1.496368896484375000e+03 1.033421955071389675e-03
2.291672468185424805e+00 1.496262451171875000e+03 1.150772674009203911e-03
2.438097953796386719e+00 1.495964965820312500e+03 1.282167853787541389e-03
2.538842201232910156e+00 1.495748046875000000e+03 1.392400008626282215e-03
2.656136512756347656e+00 1.495500488281250000e+03 1.560006057843565941e-03
2.818748474121093750e+00 1.495251708984375000e+03 1.695816405117511749e-03
2.913842439651489258e+00 1.495018920898437500e+03 1.916293520480394363e-03
3.116002798080444336e+00 1.494844726562500000e+03 2.069156384095549583e-03
3.188814163208007812e+00 1.494598388671875000e+03 2.320261672139167786e-03
3.361005067825317383e+00 1.494308471679687500e+03 2.448025858029723167e-03
3.522440671920776367e+00 1.494020263671875000e+03 2.657044911757111549e-03
3.658820152282714844e+00 1.493806030273437500e+03 2.926578279584646225e-03
3.819693803787231445e+00 1.493608520507812500e+03 3.186499001458287239e-03
3.911248922348022461e+00 1.493291625976562500e+03 3.378132358193397522e-03
4.156263351440429688e+00 1.493105346679687500e+03 3.865909762680530548e-03
4.291220664978027344e+00 1.492718994140625000e+03 3.996513783931732178e-03
4.404860496520996094e+00 1.492526855468750000e+03 4.390208516269922256e-03
4.653158187866210938e+00 1.492283447265625000e+03 4.686014726758003235e-03
4.833958148956298828e+00 1.491730590820312500e+03 5.037072114646434784e-03
5.001156330108642578e+00 1.491457397460937500e+03 5.256349220871925354e-03
5.162967205047607422e+00 1.491243286132812500e+03 5.771035328507423401e-03
5.389588356018066406e+00 1.491134155273437500e+03 6.307763047516345978e-03
5.593971252441406250e+00 1.490620849609375000e+03 6.759181618690490723e-03
5.696728229522705078e+00 1.490426757812500000e+03 7.243850268423557281e-03
5.948717594146728516e+00 1.490088745117187500e+03 7.875036448240280151e-03
6.195066452026367188e+00 1.489813476562500000e+03 8.300697430968284607e-03
6.362580776214599609e+00 1.489310058593750000e+03 8.696133270859718323e-03
6.556465625762939453e+00 1.489041992187500000e+03 9.100306779146194458e-03
6.695163726806640625e+00 1.488591918945312500e+03 9.707136079668998718e-03
7.085829257965087891e+00 1.488299072265625000e+03 1.079730875790119171e-02
7.107807636260986328e+00 1.487864501953125000e+03 1.121146231889724731e-02
7.482840061187744141e+00 1.487557495117187500e+03 1.223127730190753937e-02
7.593976497650146484e+00 1.486957641601562500e+03 1.258049532771110535e-02
7.906844139099121094e+00 1.487070434570312500e+03 1.349318958818912506e-02
8.196407318115234375e+00 1.486581176757812500e+03 1.437746733427047729e-02
8.308508872985839844e+00 1.486002929687500000e+03 1.518785860389471054e-02
8.529576301574707031e+00 1.485584716796875000e+03 1.626888290047645569e-02
8.761811256408691406e+00 1.485100463867187500e+03 1.705471239984035492e-02
9.092282295227050781e+00 1.484741821289062500e+03 1.769520901143550873e-02
9.365764617919921875e+00 1.484467773437500000e+03 1.939680427312850952e-02
9.609760284423828125e+00 1.484101684570312500e+03 1.977078244090080261e-02
1.001225090026855469e+01 1.483515869140625000e+03 2.159084193408489227e-02
1.009369182586669922e+01 1.483131225585937500e+03 2.319817990064620972e-02
1.030020713806152344e+01 1.482445678710937500e+03 2.291824668645858765e-02
1.059449672698974609e+01 1.482058837890625000e+03 2.500985004007816315e-02
1.097512340545654297e+01 1.481793823242187500e+03 2.639779448509216309e-02
1.149077415466308594e+01 1.481518066406250000e+03 2.770669944584369659e-02
1.165912628173828125e+01 1.480372924804687500e+03 2.960363961756229401e-02
1.182341480255126953e+01 1.480384765625000000e+03 3.063967265188694000e-02
1.236651611328125000e+01 1.479496459960937500e+03 3.247924149036407471e-02
1.252179241180419922e+01 1.479239013671875000e+03 3.412039205431938171e-02
1.292328453063964844e+01 1.478397705078125000e+03 3.599693626165390015e-02
1.331236934661865234e+01 1.478189331054687500e+03 3.683208674192428589e-02
1.349207878112792969e+01 1.477128417968750000e+03 3.837913274765014648e-02
1.373991012573242188e+01 1.477316650390625000e+03 4.142878577113151550e-02
1.423758506774902344e+01 1.476626708984375000e+03 4.283217340707778931e-02
1.433525657653808594e+01 1.476091674804687500e+03 4.445027559995651245e-02
1.473111438751220703e+01 1.475578857421875000e+03 4.753447324037551880e-02
1.496901321411132812e+01 1.475130737304687500e+03 4.853300750255584717e-02
1.540757846832275391e+01 1.474117187500000000e+03 5.044607445597648621e-02
1.584634017944335938e+01 1.473488037109375000e+03 5.359099060297012329e-02
1.606313133239746094e+01 1.473194458007812500e+03 5.761416628956794739e-02
1.636222076416015625e+01 1.473074462890625000e+03 5.812089517712593079e-02
1.705839729309082031e+01 1.471490600585937500e+03 6.132409721612930298e-02
1.748380279541015625e+01 1.470993774414062500e+03 6.350007653236389160e-02
1.752258682250976562e+01 1.470479858398437500e+03 6.510213017463684082e-02
1.796669769287109375e+01 1.469830566406250000e+03 7.039262354373931885e-02
1.813035774230957031e+01 1.470019653320312500e+03 7.297005504369735718e-02
1.871349525451660156e+01 1.468900390625000000e+03 7.706365734338760376e-02
1.916543197631835938e+01 1.468095458984375000e+03 7.887693494558334351e-02
1.983239936828613281e+01 1.467774291992187500e+03 8.183283358812332153e-02
1.995209884643554688e+01 1.467515625000000000e+03 8.514322340488433838e-02
2.026649475097656250e+01 1.466514038085937500e+03 8.973067998886108398e-02
2.058150100708007812e+01 1.465677124023437500e+03 9.284523874521255493e-02
2.133195114135742188e+01 1.464570800781250000e+03 9.590575098991394043e-02
2.143955039978027344e+01 1.464577514648437500e+03 1.004023626446723938e-01
2.202930068969726562e+01 1.463560546875000000e+03 1.058146730065345764e-01
2.244886398315429688e+01 1.462274658203125000e+03 1.091050282120704651e-01
2.291178131103515625e+01 1.462300170898437500e+03 1.135153993964195251e-01
2.257251930236816406e+01 1.461595947265625000e+03 1.163247227668762207e-01
2.405254936218261719e+01 1.460511108398437500e+03 1.221252009272575378e-01
2.408068656921386719e+01 1.461124023437500000e+03 1.254041492938995361e-01
2.422911453247070312e+01 1.460196777343750000e+03 1.281541287899017334e-01
2.484042739868164062e+01 1.458771240234375000e+03 1.381743848323822021e-01
2.561226463317871094e+01 1.457861450195312500e+03 1.425451189279556274e-01
2.582037162780761719e+01 1.456478149414062500e+03 1.492091119289398193e-01
2.673800849914550781e+01 1.456168701171875000e+03 1.485900580883026123e-01
2.705804061889648438e+01 1.456024780273437500e+03 1.574457734823226929e-01
2.771825981140136719e+01 1.454534790039062500e+03 1.593045145273208618e-01
2.769371986389160156e+01 1.453814331054687500e+03 1.682989448308944702e-01
2.821914863586425781e+01 1.453521728515625000e+03 1.696476042270660400e-01
2.893931770324707031e+01 1.451605468750000000e+03 1.770244985818862915e-01
2.934379959106445312e+01 1.451591552734375000e+03 1.845036298036575317e-01
2.982903480529785156e+01 1.450584472656250000e+03 1.929420679807662964e-01
3.013908195495605469e+01 1.450257446289062500e+03 1.989732980728149414e-01
3.128542518615722656e+01 1.449190795898437500e+03 2.029992341995239258e-01
3.099740409851074219e+01 1.448188842773437500e+03 2.088320702314376831e-01
3.156480979919433594e+01 1.446667968750000000e+03 2.188449949026107788e-01
3.243505096435546875e+01 1.446951904296875000e+03 2.286511063575744629e-01
3.275085830688476562e+01 1.445713256835937500e+03 2.336731851100921631e-01
3.341063308715820312e+01 1.444255249023437500e+03 2.400740087032318115e-01
3.370969390869140625e+01 1.443069458007812500e+03 2.474267184734344482e-01
3.495716476440429688e+01 1.443830200195312500e+03 2.548496127128601074e-01
3.577579116821289062e+01 1.441966186523437500e+03 2.620254755020141602e-01
3.552312850952148438e+01 1.441134033203125000e+03 2.729736864566802979e-01
3.604835891723632812e+01 1.439889648437500000e+03 2.802693247795104980e-01
3.680687713623046875e+01 1.439559448242187500e+03 2.932127118110656738e-01
3.738356781005859375e+01 1.438819702148437500e+03 3.007714450359344482e-01
3.779047012329101562e+01 1.438877929687500000e+03 3.095486164093017578e-01
3.793208312988281250e+01 1.436399658203125000e+03 3.168399930000305176e-01
3.949827575683593750e+01 1.435360351562500000e+03 3.274234235286712646e-01
3.972846984863281250e+01 1.434188842773437500e+03 3.341226279735565186e-01
4.025393676757812500e+01 1.433215820312500000e+03 3.469453752040863037e-01
4.057258605957031250e+01 1.432091186523437500e+03 3.567472696304321289e-01
4.170310211181640625e+01 1.431698608398437500e+03 3.744443356990814209e-01
4.198932647705078125e+01 1.429885498046875000e+03 3.769285976886749268e-01
4.189447784423828125e+01 1.430219482421875000e+03 3.826829493045806885e-01
4.292568206787109375e+01 1.428505737304687500e+03 4.093228876590728760e-01
4.360026550292968750e+01 1.428722656250000000e+03 4.158289432525634766e-01
4.450418090820312500e+01 1.425822875976562500e+03 4.242688715457916260e-01
4.478612518310546875e+01 1.426103027343750000e+03 4.473723471164703369e-01
4.610308837890625000e+01 1.426193359375000000e+03 4.539415836334228516e-01
4.679033279418945312e+01 1.424047729492187500e+03 4.658328294754028320e-01
4.686018753051757812e+01 1.422850463867187500e+03 4.726173877716064453e-01
4.690789031982421875e+01 1.422016113281250000e+03 4.938117861747741699e-01
4.800555038452148438e+01 1.419670166015625000e+03 4.869446754455566406e-01
4.964089584350585938e+01 1.420783813476562500e+03 5.103895068168640137e-01
4.986336898803710938e+01 1.417585205078125000e+03 5.288059711456298828e-01
4.941868972778320312e+01 1.417110107421875000e+03 5.416402816772460938e-01
5.014047622680664062e+01 1.417027465820312500e+03 5.542931556701660156e-01
5.229722595214843750e+01 1.416342529296875000e+03 5.731602311134338379e-01
5.194483566284179688e+01 1.414392211914062500e+03 5.786214470863342285e-01
5.257150650024414062e+01 1.412530273437500000e+03 6.120665073394775391e-01
5.242189025878906250e+01 1.410819091796875000e+03 6.293206214904785156e-01
5.405400848388671875e+01 1.411286376953125000e+03 6.427089571952819824e-01
5.504515075683593750e+01 1.409324218750000000e+03 6.507384777069091797e-01
5.527776336669921875e+01 1.409458984375000000e+03 6.775722503662109375e-01
5.659717941284179688e+01 1.406915161132812500e+03 6.762093901634216309e-01
5.689292144775390625e+01 1.406396728515625000e+03 6.971358656883239746e-01
5.728855895996093750e+01 1.405505249023437500e+03 7.026030421257019043e-01
5.891984558105468750e+01 1.404212768554687500e+03 7.459627985954284668e-01
5.971589660644531250e+01 1.404916748046875000e+03 7.496315240859985352e-01
5.970295333862304688e+01 1.400345581054687500e+03 7.909353375434875488e-01
6.024053955078125000e+01 1.401157104492187500e+03 8.058122992515563965e-01
6.160654067993164062e+01 1.399050292968750000e+03 8.085910081863403320e-01
6.126059341430664062e+01 1.397935546875000000e+03 8.408862352371215820e-01
6.259554672241210938e+01 1.396669311523437500e+03 8.566263914108276367e-01
6.242445755004882812e+01 1.395904296875000000e+03 8.841538429260253906e-01
6.417372894287109375e+01 1.393988647460937500e+03 8.804077506065368652e-01
6.445754241943359375e+01 1.394170166015625000e+03 8.925517201423645020e-01
6.593053436279296875e+01 1.393111083984375000e+03 9.129636883735656738e-01
6.638558197021484375e+01 1.390734375000000000e+03 9.555136561393737793e-01
6.653954315185546875e+01 1.388577514648437500e+03 9.719393849372863770e-01
6.827528381347656250e+01 1.387242797851562500e+03 9.566247463226318359e-01
6.807897949218750000e+01 1.387261474609375000e+03 1.037138104438781738e+00
6.817652893066406250e+01 1.383603881835937500e+03 1.046131134033203125e+00
7.035723876953125000e+01 1.383944335937500000e+03 1.049767971038818359e+00
7.191151428222656250e+01 1.382518920898437500e+03 1.101903557777404785e+00
7.255137634277343750e+01 1.383843139648437500e+03 1.145596981048583984e+00
7.215767669677734375e+01 1.381295043945312500e+03 1.160057067871093750e+00
7.282530212402343750e+01 1.378818603515625000e+03 1.176108956336975098e+00
7.519898223876953125e+01 1.378994506835937500e+03 1.218522906303405762e+00
7.511175537109375000e+01 1.379110961914062500e+03 1.251769542694091797e+00
7.551829528808593750e+01 1.375819213867187500e+03 1.295585036277770996e+00
7.643701934814453125e+01 1.377200927734375000e+03 1.281507968902587891e+00
7.832495117187500000e+01 1.371636108398437500e+03 1.297336101531982422e+00
7.697656250000000000e+01 1.372871582031250000e+03 1.323583483695983887e+00
7.898047637939453125e+01 1.370783569335937500e+03 1.366619586944580078e+00
7.940715026855468750e+01 1.369985961914062500e+03 1.395026087760925293e+00
8.034811401367187500e+01 1.367697875976562500e+03 1.406864762306213379e+00
8.186959838867187500e+01 1.367599487304687500e+03 1.465521931648254395e+00
8.205765533447265625e+01 1.366517211914062500e+03 1.511700153350830078e+00
8.344927978515625000e+01 1.364838500976562500e+03 1.498242020606994629e+00
8.321635437011718750e+01 1.362815185546875000e+03 1.522301435470581055e+00
8.558623504638671875e+01 1.360117675781250000e+03 1.576890349388122559e+00
8.494678497314453125e+01 1.362395996093750000e+03 1.619115233421325684e+00
8.540647125244140625e+01 1.357998535156250000e+03 1.591816544532775879e+00
8.689077758789062500e+01 1.355105957031250000e+03 1.692007780075073242e+00
8.722532653808593750e+01 1.354953125000000000e+03 1.694440126419067383e+00
8.815127563476562500e+01 1.352475952148437500e+03 1.812224864959716797e+00
9.045841979980468750e+01 1.353689575195312500e+03 1.816746234893798828e+00
9.136241149902343750e+01 1.354108764648437500e+03 1.831303596496582031e+00
9.157683563232421875e+01 1.351561889648437500e+03 1.849330902099609375e+00
9.232131195068359375e+01 1.347940917968750000e+03 1.873965024948120117e+00
9.303638458251953125e+01 1.348810791015625000e+03 1.930070638656616211e+00
9.456040191650390625e+01 1.348358398437500000e+03 1.927797675132751465e+00
9.518383789062500000e+01 1.341751953125000000e+03 2.034571409225463867e+00
9.668802642822265625e+01 1.342806762695312500e+03 2.097684383392333984e+00
9.572243499755859375e+01 1.342326049804687500e+03 2.062633752822875977e+00
9.803690338134765625e+01 1.339665649414062500e+03 2.087557315826416016e+00
9.854784393310546875e+01 1.336503784179687500e+03 2.188390254974365234e+00
1.004055786132812500e+02 1.335283813476562500e+03 2.207474231719970703e+00
1.018037490844726562e+02 1.335246459960937500e+03 2.274652719497680664e+00
1.008693466186523438e+02 1.331882690429687500e+03 2.313312530517578125e+00
1.013812484741210938e+02 1.330493164062500000e+03 2.288176536560058594e+00
1.044562301635742188e+02 1.330701171875000000e+03 2.455937147140502930e+00
1.036183624267578125e+02 1.329903686523437500e+03 2.429542779922485352e+00
1.046860275268554688e+02 1.328457153320312500e+03 2.466676473617553711e+00
1.050942611694335938e+02 1.329538940429687500e+03 2.483553647994995117e+00
1.056066055297851562e+02 1.323279052734375000e+03 2.586115121841430664e+00
1.070692062377929688e+02 1.323640991210937500e+03 2.634043693542480469e+00
1.083059082031250000e+02 1.320719116210937500e+03 2.626034498214721680e+00
1.112470397949218750e+02 1.319257568359375000e+03 2.743233919143676758e+00
1.117940597534179688e+02 1.314850585937500000e+03 2.718135833740234375e+00
1.118865280151367188e+02 1.318562133789062500e+03 2.806364059448242188e+00
1.112791519165039062e+02 1.313347167968750000e+03 2.880199670791625977e+00
1.149535751342773438e+02 1.312438598632812500e+03 2.909699678421020508e+00
1.137084655761718750e+02 1.308661376953125000e+03 2.951572895050048828e+00
1.167199935913085938e+02 1.306994873046875000e+03 3.053498983383178711e+00
1.156625747680664062e+02 1.313205932617187500e+03 3.082384109497070312e+00
1.188376770019531250e+02 1.307497680664062500e+03 3.082971811294555664e+00
1.194299621582031250e+02 1.304082275390625000e+03 3.207932233810424805e+00
1.190191726684570312e+02 1.302566772460937500e+03 3.274809837341308594e+00
1.228632354736328125e+02 1.304834716796875000e+03 3.289250850677490234e+00
1.228798294067382812e+02 1.299178222656250000e+03 3.276600837707519531e+00
1.230936279296875000e+02 1.293492919921875000e+03 3.413004636764526367e+00
1.244489288330078125e+02 1.296466674804687500e+03 3.449697256088256836e+00
1.246248931884765625e+02 1.294228759765625000e+03 3.530493736267089844e+00
1.265715408325195312e+02 1.291563476562500000e+03 3.611513614654541016e+00
1.265162124633789062e+02 1.288926879882812500e+03 3.685689687728881836e+00
1.283585815429687500e+02 1.289128173828125000e+03 3.683535575866699219e+00
1.275712890625000000e+02 1.287483642578125000e+03 3.832086324691772461e+00
1.298590240478515625e+02 1.289651245117187500e+03 3.815298318862915039e+00
1.323769226074218750e+02 1.287257202148437500e+03 3.893996477127075195e+00
1.333991699218750000e+02 1.281441772460937500e+03 3.962282657623291016e+00
1.337677764892578125e+02 1.280761474609375000e+03 4.095815181732177734e+00
1.338060302734375000e+02 1.283335449218750000e+03 4.238394260406494141e+00
1.366580657958984375e+02 1.274843505859375000e+03 4.186782836914062500e+00
1.348880615234375000e+02 1.281922119140625000e+03 4.135994434356689453e+00
1.370879821777343750e+02 1.275729736328125000e+03 4.229254722595214844e+00
1.392970886230468750e+02 1.274505737304687500e+03 4.389597892761230469e+00
1.426045989990234375e+02 1.271855590820312500e+03 4.505003929138183594e+00
1.416374816894531250e+02 1.268789306640625000e+03 4.486148357391357422e+00
1.432120971679687500e+02 1.263463623046875000e+03 4.663462638854980469e+00
1.425802154541015625e+02 1.265438232421875000e+03 4.696945667266845703e+00
1.429702911376953125e+02 1.263296752929687500e+03 4.698262214660644531e+00
1.450885772705078125e+02 1.261810058593750000e+03 4.761995315551757812e+00
1.438537292480468750e+02 1.260972534179687500e+03 4.923783779144287109e+00
1.476281890869140625e+02 1.254486694335937500e+03 5.133749008178710938e+00
1.504220275878906250e+02 1.258440917968750000e+03 5.029394149780273438e+00
1.496799926757812500e+02 1.255537597656250000e+03 5.060890197753906250e+00
1.498440399169921875e+02 1.252823608398437500e+03 5.198184013366699219e+00
1.529052734375000000e+02 1.252176513671875000e+03 5.407539367675781250e+00
1.524230194091796875e+02 1.249196411132812500e+03 5.367278099060058594e+00
1.556320343017578125e+02 1.245727050781250000e+03 5.451761722564697266e+00
1.559316558837890625e+02 1.245860107421875000e+03 5.630460262298583984e+00
1.554567565917968750e+02 1.245244018554687500e+03 5.558538913726806641e+00
1.597609252929687500e+02 1.241391601562500000e+03 5.686921119689941406e+00
1.584228820800781250e+02 1.240707641601562500e+03 5.832853794097900391e+00
1.615895538330078125e+02 1.238336425781250000e+03 5.921326160430908203e+00
1.614943237304687500e+02 1.232677978515625000e+03 5.906363487243652344e+00
1.626415710449218750e+02 1.234283813476562500e+03 6.157382965087890625e+00
1.611112518310546875e+02 1.225522460937500000e+03 6.132416725158691406e+00
1.631298522949218750e+02 1.229636596679687500e+03 6.285233020782470703e+00
1.673104095458984375e+02 1.227613647460937500e+03 6.306220531463623047e+00
1.669630432128906250e+02 1.227554565429687500e+03 6.447337150573730469e+00
1.690423583984375000e+02 1.224024902343750000e+03 6.623101234436035156e+00
1.694669342041015625e+02 1.218800170898437500e+03 6.531080245971679688e+00
1.720507507324218750e+02 1.220422729492187500e+03 6.829927444458007812e+00
1.719944915771484375e+02 1.222624633789062500e+03 6.809029579162597656e+00
1.729676055908203125e+02 1.213197631835937500e+03 6.847802639007568359e+00
1.744122619628906250e+02 1.214178100585937500e+03 7.235065460205078125e+00
1.760003204345703125e+02 1.210445922851562500e+03 7.146707057952880859e+00
1.795200500488281250e+02 1.207969482421875000e+03 7.335281848907470703e+00
1.786241149902343750e+02 1.207567016601562500e+03 7.359714508056640625e+00
1.779098510742187500e+02 1.208004394531250000e+03 7.592236995697021484e+00
1.825111083984375000e+02 1.201954833984375000e+03 7.657671928405761719e+00
1.827852478027343750e+02 1.199462890625000000e+03 7.789469242095947266e+00
1.791881561279296875e+02 1.200798095703125000e+03 7.880453109741210938e+00
1.854547424316406250e+02 1.200972412109375000e+03 7.798152446746826172e+00
1.852505493164062500e+02 1.195889892578125000e+03 8.180318832397460938e+00
1.848290863037109375e+02 1.193006713867187500e+03 8.043578147888183594e+00
1.900131072998046875e+02 1.196703979492187500e+03 8.108592987060546875e+00
1.905985412597656250e+02 1.190808471679687500e+03 8.436299324035644531e+00
1.906697387695312500e+02 1.183925170898437500e+03 8.567452430725097656e+00
1.904508666992187500e+02 1.186481689453125000e+03 8.613417625427246094e+00
1.933808593750000000e+02 1.183122192382812500e+03 8.717298507690429688e+00
1.920873565673828125e+02 1.177207397460937500e+03 8.673654556274414062e+00
1.926981506347656250e+02 1.177224975585937500e+03 8.836564064025878906e+00
1.950075836181640625e+02 1.174460571289062500e+03 8.831677436828613281e+00
1.981864471435546875e+02 1.183811279296875000e+03 9.206000328063964844e+00
1.996895751953125000e+02 1.169936889648437500e+03 9.300697326660156250e+00
2.029093017578125000e+02 1.170062255859375000e+03 9.453946113586425781e+00
2.037239532470703125e+02 1.164586059570312500e+03 9.613108634948730469e+00
2.038084564208984375e+02 1.160799926757812500e+03 9.663946151733398438e+00
2.026540679931640625e+02 1.170945434570312500e+03 9.739379882812500000e+00
2.027044982910156250e+02 1.163617797851562500e+03 1.006676101684570312e+01
2.088912353515625000e+02 1.154215454101562500e+03 1.020401477813720703e+01
2.068617095947265625e+02 1.161044067382812500e+03 1.063265323638916016e+01
2.105004119873046875e+02 1.166408813476562500e+03 1.026752471923828125e+01
2.093894042968750000e+02 1.157025268554687500e+03 1.041129684448242188e+01
2.140722351074218750e+02 1.153793579101562500e+03 1.060911941528320312e+01
2.160220947265625000e+02 1.151017456054687500e+03 1.086931514739990234e+01
2.130760498046875000e+02 1.147876708984375000e+03 1.139579200744628906e+01
2.118138122558593750e+02 1.148145751953125000e+03 1.112022876739501953e+01
2.170518188476562500e+02 1.141530029296875000e+03 1.112840080261230469e+01
2.172882995605468750e+02 1.142092895507812500e+03 1.145412540435791016e+01
2.173952484130859375e+02 1.138695068359375000e+03 1.149567985534667969e+01
2.219183959960937500e+02 1.139468261718750000e+03 1.130603313446044922e+01
2.220656738281250000e+02 1.135624389648437500e+03 1.207219314575195312e+01
2.246490631103515625e+02 1.135876708984375000e+03 1.178754520416259766e+01
2.248585205078125000e+02 1.130734130859375000e+03 1.189740276336669922e+01
2.286380920410156250e+02 1.126037841796875000e+03 1.250412082672119141e+01
2.271811981201171875e+02 1.129812011718750000e+03 1.263296508789062500e+01
2.300587615966796875e+02 1.123299804687500000e+03 1.245447826385498047e+01
2.274262847900390625e+02 1.130514404296875000e+03 1.252897262573242188e+01
2.295804443359375000e+02 1.119797729492187500e+03 1.283812427520751953e+01
2.311339721679687500e+02 1.119712890625000000e+03 1.298962116241455078e+01
2.313391571044921875e+02 1.113672729492187500e+03 1.330943298339843750e+01
2.344606628417968750e+02 1.112693359375000000e+03 1.311052894592285156e+01
2.350419158935546875e+02 1.110001586914062500e+03 1.353008460998535156e+01
2.383668212890625000e+02 1.102814575195312500e+03 1.380871963500976562e+01
2.391287689208984375e+02 1.108970458984375000e+03 1.376325225830078125e+01
2.370396118164062500e+02 1.099843261718750000e+03 1.408392620086669922e+01
2.400656280517578125e+02 1.102697021484375000e+03 1.393483543395996094e+01
2.400478363037109375e+02 1.103738037109375000e+03 1.415560150146484375e+01
2.441674499511718750e+02 1.099219360351562500e+03 1.432477569580078125e+01
2.437835235595703125e+02 1.099410766601562500e+03 1.432306671142578125e+01
2.451770629882812500e+02 1.096525268554687500e+03 1.499824047088623047e+01
2.465923004150390625e+02 1.094316406250000000e+03 1.489788246154785156e+01
2.469181365966796875e+02 1.092258789062500000e+03 1.502148723602294922e+01
2.502450103759765625e+02 1.091709350585937500e+03 1.501441192626953125e+01
2.473298339843750000e+02 1.088510131835937500e+03 1.536279201507568359e+01
2.516989288330078125e+02 1.088769775390625000e+03 1.558567523956298828e+01
2.560937805175781250e+02 1.087127441406250000e+03 1.558919620513916016e+01
2.545202941894531250e+02 1.080948852539062500e+03 1.601931762695312500e+01
2.543730926513671875e+02 1.082928710937500000e+03 1.619647407531738281e+01
2.530954895019531250e+02 1.070161499023437500e+03 1.620108032226562500e+01
2.585830078125000000e+02 1.083152832031250000e+03 1.639702415466308594e+01
2.608627319335937500e+02 1.073390136718750000e+03 1.678684616088867188e+01
2.576247863769531250e+02 1.079198120117187500e+03 1.697118949890136719e+01
2.609288024902343750e+02 1.066085571289062500e+03 1.721281623840332031e+01
2.654457702636718750e+02 1.059609863281250000e+03 1.720351219177246094e+01
2.624856872558593750e+02 1.065458862304687500e+03 1.739652061462402344e+01
2.639954223632812500e+02 1.065711914062500000e+03 1.691794204711914062e+01
2.670096130371093750e+02 1.059838256835937500e+03 1.767904853820800781e+01
2.658107910156250000e+02 1.065907104492187500e+03 1.780562019348144531e+01
2.650117187500000000e+02 1.061820678710937500e+03 1.762113571166992188e+01
2.667162780761718750e+02 1.060531616210937500e+03 1.840224456787109375e+01
2.703852233886718750e+02 1.050814208984375000e+03 1.833353042602539062e+01
2.755881652832031250e+02 1.048209716796875000e+03 1.788622283935546875e+01
2.735375366210937500e+02 1.049084716796875000e+03 1.838652038574218750e+01
2.737185363769531250e+02 1.050033325195312500e+03 1.890954208374023438e+01
2.744579772949218750e+02 1.045893676757812500e+03 1.882833862304687500e+01
2.751447143554687500e+02 1.043998168945312500e+03 1.918244361877441406e+01
2.795878295898437500e+02 1.043608642578125000e+03 1.948321723937988281e+01
2.815398559570312500e+02 1.038636108398437500e+03 1.998219490051269531e+01
2.806326599121093750e+02 1.035320434570312500e+03 1.972629547119140625e+01
2.764494018554687500e+02 1.037966064453125000e+03 2.041986846923828125e+01
2.849028625488281250e+02 1.037031250000000000e+03 2.032713890075683594e+01
2.866090698242187500e+02 1.038946411132812500e+03 2.046043586730957031e+01
2.836697998046875000e+02 1.033595336914062500e+03 2.133404922485351562e+01
2.846873168945312500e+02 1.021318359375000000e+03 2.056421470642089844e+01
2.836740417480468750e+02 1.025983276367187500e+03 2.119207382202148438e+01
2.873575439453125000e+02 1.018626586914062500e+03 2.116024971008300781e+01
2.915390319824218750e+02 1.017386474609375000e+03 2.135512924194335938e+01
2.881890258789062500e+02 1.018818725585937500e+03 2.162968826293945312e+01
2.886965942382812500e+02 1.016084167480468750e+03 2.221518898010253906e+01
2.924957885742187500e+02 1.012329650878906250e+03 2.211223793029785156e+01
2.927861938476562500e+02 1.013847106933593750e+03 2.183790397644042969e+01
2.943898010253906250e+02 1.015028198242187500e+03 2.181850814819335938e+01
2.929791870117187500e+02 1.010635742187500000e+03 2.259076499938964844e+01
3.010746459960937500e+02 1.010336364746093750e+03 2.269775199890136719e+01
2.990689086914062500e+02 1.004071289062500000e+03 2.329397773742675781e+01
2.957271118164062500e+02 1.009604064941406250e+03 2.305574798583984375e+01
3.043507690429687500e+02 1.005646301269531250e+03 2.317352676391601562e+01
3.046730346679687500e+02 1.000978576660156250e+03 2.356575965881347656e+01
3.017837829589843750e+02 1.004434265136718750e+03 2.319189834594726562e+01
3.057831420898437500e+02 9.985017089843750000e+02 2.356373214721679688e+01
3.021690063476562500e+02 9.978099975585937500e+02 2.421138763427734375e+01
3.069993896484375000e+02 9.895689086914062500e+02 2.505323982238769531e+01
3.086710815429687500e+02 9.907230834960937500e+02 2.526152992248535156e+01
3.082664794921875000e+02 9.816790771484375000e+02 2.443867874145507812e+01
3.116303100585937500e+02 9.875531005859375000e+02 2.480204963684082031e+01
3.118298950195312500e+02 9.862010498046875000e+02 2.522752189636230469e+01
3.136972656250000000e+02 9.824548950195312500e+02 2.512996482849121094e+01
3.101312866210937500e+02 9.835942382812500000e+02 2.570397758483886719e+01
3.128281555175781250e+02 9.831340332031250000e+02 2.569204521179199219e+01
3.155184326171875000e+02 9.814940795898437500e+02 2.565375900268554688e+01
3.099870605468750000e+02 9.765410766601562500e+02 2.641686248779296875e+01
3.188980102539062500e+02 9.734120483398437500e+02 2.604494857788085938e+01
3.173821716308593750e+02 9.675845336914062500e+02 2.656449127197265625e+01
3.148471984863281250e+02 9.744684448242187500e+02 2.708885383605957031e+01
3.171495666503906250e+02 9.745714111328125000e+02 2.708570671081542969e+01
3.168209533691406250e+02 9.723952026367187500e+02 2.802858734130859375e+01
3.211088256835937500e+02 9.686891479492187500e+02 2.679594039916992188e+01
3.238807983398437500e+02 9.544238891601562500e+02 2.792416763305664062e+01
3.258379211425781250e+02 9.564946289062500000e+02 2.701393127441406250e+01
3.192826232910156250e+02 9.594191284179687500e+02 2.780687713623046875e+01
3.237708129882812500e+02 9.589636840820312500e+02 2.828173828125000000e+01
3.309740600585937500e+02 9.548472290039062500e+02 2.787100791931152344e+01
3.247147216796875000e+02 9.535885620117187500e+02 2.928430557250976562e+01
3.278623046875000000e+02 9.449401855468750000e+02 2.945832061767578125e+01
3.285169677734375000e+02 9.594275512695312500e+02 2.880736541748046875e+01
3.328685302734375000e+02 9.500156250000000000e+02 2.948724937438964844e+01
3.351332397460937500e+02 9.478609008789062500e+02 2.918219757080078125e+01
3.326948852539062500e+02 9.473410644531250000e+02 2.968671989440917969e+01
3.349566650390625000e+02 9.342874755859375000e+02 2.980877494812011719e+01
3.366865539550781250e+02 9.483497924804687500e+02 2.898786354064941406e+01
3.370697021484375000e+02 9.251990966796875000e+02 3.063225364685058594e+01
3.357159423828125000e+02 9.482753906250000000e+02 3.123522949218750000e+01
3.429868774414062500e+02 9.367489624023437500e+02 3.098813056945800781e+01
3.384006958007812500e+02 9.291790161132812500e+02 3.073546600341796875e+01
3.371434020996093750e+02 9.395589599609375000e+02 3.178013038635253906e+01
3.436022644042968750e+02 9.327883911132812500e+02 3.105679893493652344e+01
3.384813842773437500e+02 9.172495117187500000e+02 3.174064445495605469e+01
3.424420166015625000e+02 9.194966430664062500e+02 3.138567733764648438e+01
3.407391357421875000e+02 9.205925292968750000e+02 3.203536987304687500e+01
3.462316589355468750e+02 9.212066040039062500e+02 3.258701324462890625e+01
3.425110473632812500e+02 9.188209228515625000e+02 3.280701446533203125e+01
3.462849731445312500e+02 9.142250976562500000e+02 3.214854812622070312e+01
3.482929382324218750e+02 9.179652099609375000e+02 3.374121856689453125e+01
3.494432373046875000e+02 9.149617309570312500e+02 3.405470657348632812e+01
3.505343627929687500e+02 9.161223144531250000e+02 3.340443038940429688e+01
3.566176757812500000e+02 9.189454345703125000e+02 3.362708663940429688e+01
3.517130737304687500e+02 9.125732421875000000e+02 3.412980270385742188e+01
3.512332763671875000e+02 9.100184936523437500e+02 3.471941757202148438e+01
3.574454040527343750e+02 9.065416870117187500e+02 3.442095947265625000e+01
3.557980957031250000e+02 8.997302856445312500e+02 3.482978057861328125e+01
3.557527465820312500e+02 8.988489379882812500e+02 3.463902664184570312e+01
3.557293395996093750e+02 8.967258300781250000e+02 3.479281234741210938e+01
3.613206481933593750e+02 9.027703247070312500e+02 3.656967926025390625e+01
3.598118896484375000e+02 9.060105590820312500e+02 3.563866043090820312e+01
3.629111633300781250e+02 8.969143676757812500e+02 3.670003509521484375e+01
3.599368286132812500e+02 8.994904785156250000e+02 3.492453002929687500e+01
3.628979187011718750e+02 8.948385620117187500e+02 3.618498611450195312e+01
3.645324707031250000e+02 8.870237426757812500e+02 3.779488754272460938e+01
3.584417114257812500e+02 8.932146606445312500e+02 3.703093719482421875e+01
3.593691406250000000e+02 8.988926391601562500e+02 3.741576766967773438e+01
3.635194702148437500e+02 8.868900756835937500e+02 3.730374908447265625e+01
3.645813598632812500e+02 8.781520996093750000e+02 3.777696609497070312e+01
3.702343750000000000e+02 8.790476074218750000e+02 3.758689498901367188e+01
3.693303222656250000e+02 8.839058837890625000e+02 3.856954193115234375e+01
3.669797973632812500e+02 8.866949462890625000e+02 3.797632217407226562e+01
3.675998535156250000e+02 8.812021484375000000e+02 3.760948944091796875e+01
3.694920654296875000e+02 8.808084716796875000e+02 3.931085968017578125e+01
3.674790649414062500e+02 8.727431640625000000e+02 3.884249877929687500e+01
3.700178833007812500e+02 8.735458374023437500e+02 3.950743865966796875e+01
3.711995544433593750e+02 8.807437133789062500e+02 3.958923339843750000e+01
3.677953491210937500e+02 8.680416870117187500e+02 3.970062637329101562e+01
3.766194763183593750e+02 8.697717285156250000e+02 4.062855911254882812e+01
3.718747558593750000e+02 8.659799804687500000e+02 3.960006332397460938e+01
3.788148803710937500e+02 8.599698486328125000e+02 4.061507034301757812e+01
3.764548339843750000e+02 8.709777832031250000e+02 4.104553604125976562e+01
3.761179199218750000e+02 8.549374389648437500e+02 4.130316543579101562e+01
3.810010375976562500e+02 8.614149780273437500e+02 4.139237213134765625e+01
3.838300476074218750e+02 8.604567871093750000e+02 4.099485015869140625e+01
3.783219604492187500e+02 8.550618896484375000e+02 4.136513900756835938e+01
3.840290832519531250e+02 8.595829467773437500e+02 4.193134307861328125e+01
3.814343261718750000e+02 8.551405029296875000e+02 4.358992767333984375e+01
3.814186401367187500e+02 8.549596557617187500e+02 4.309894561767578125e+01
3.818280639648437500e+02 8.575743408203125000e+02 4.193850708007812500e+01
3.821854858398437500e+02 8.442598876953125000e+02 4.381430816650390625e+01
3.851972656250000000e+02 8.621672363281250000e+02 4.380356597900390625e+01
3.828896179199218750e+02 8.485293579101562500e+02 4.351718521118164062e+01
3.807902221679687500e+02 8.458129272460937500e+02 4.194454574584960938e+01
3.840312194824218750e+02 8.445285034179687500e+02 4.229964065551757812e+01
3.902925109863281250e+02 8.490272827148437500e+02 4.267358016967773438e+01
3.921100463867187500e+02 8.475856933593750000e+02 4.436019897460937500e+01
3.859879455566406250e+02 8.355512084960937500e+02 4.557424545288085938e+01
