4.141027033329010010e-01 5.992637634277343750e+01 4.967877885064808652e-06
2.294028997421264648e-01 5.995540618896484375e+01 1.757037352945189923e-06
1.102656945586204529e-01 5.997598648071289062e+01 5.014069301978452131e-07
4.570126160979270935e-02 5.998913574218750000e+01 9.687219915122113889e-08
2.410667203366756439e-02 5.999594116210937500e+01 1.456756848483564681e-08
3.125363588333129883e-02 5.999704360961914062e+01 5.036703498717542971e-09
5.272573977708816528e-02 5.999430847167968750e+01 2.269100463081485941e-08
7.742929458618164062e-02 5.998958206176757812e+01 8.539242912775080185e-08
9.931595623493194580e-02 5.998426818847656250e+01 2.072912366202217527e-07
1.123770028352737427e-01 5.997954559326171875e+01 3.440898126427782699e-07
1.224445104598999023e-01 5.997592163085937500e+01 4.614186082108062692e-07
1.244213953614234924e-01 5.997425842285156250e+01 5.429927796285483055e-07
1.161819323897361755e-01 5.997418212890625000e+01 5.581820801126013976e-07
1.091140136122703552e-01 5.997490310668945312e+01 5.264486730993667152e-07
9.965709596872329712e-02 5.997663116455078125e+01 4.562538720165321138e-07
8.654090017080307007e-02 5.997933197021484375e+01 3.657233946796623059e-07
7.557465136051177979e-02 5.998283004760742188e+01 2.532963208068395033e-07
6.160811707377433777e-02 5.998609542846679688e+01 1.669933311632121331e-07
5.028489977121353149e-02 5.998879241943359375e+01 9.768434949819493340e-08
3.952142596244812012e-02 5.999170303344726562e+01 5.278798909102988546e-08
2.861174196004867554e-02 5.999411773681640625e+01 2.611123761653288966e-08
2.210216410458087921e-02 5.999594879150390625e+01 1.375372793432916296e-08
1.777710020542144775e-02 5.999701690673828125e+01 8.079743984978904336e-09
1.627486757934093475e-02 5.999747848510742188e+01 5.079959120024568620e-09
1.795482635498046875e-02 5.999717712402343750e+01 2.718293146131145477e-09
2.220976725220680237e-02 5.999639129638671875e+01 1.816206851579238446e-09
2.881228923797607422e-02 5.999515914916992188e+01 5.510309986078709699e-09
3.691385686397552490e-02 5.999357604980468750e+01 1.726724363493303827e-08
4.597791284322738647e-02 5.999169158935546875e+01 3.962107442134765733e-08
5.369164794683456421e-02 5.998982238769531250e+01 7.139382773857505526e-08
6.213457882404327393e-02 5.998840332031250000e+01 1.099975435181477224e-07
6.687483191490173340e-02 5.998673248291015625e+01 1.454383635746125947e-07
7.049787789583206177e-02 5.998548126220703125e+01 1.764146730920401751e-07
7.355865836143493652e-02 5.998488616943359375e+01 1.996255036829097662e-07
7.157472521066665649e-02 5.998448944091796875e+01 2.138707628773772740e-07
7.135795801877975464e-02 5.998459243774414062e+01 2.099163083357780124e-07
6.958930194377899170e-02 5.998489379882812500e+01 2.006395902753865812e-07
6.123546138405799866e-02 5.998539352416992188e+01 1.761625014751189156e-07
5.694366246461868286e-02 5.998640060424804688e+01 1.462798309148638509e-07
4.868987947702407837e-02 5.998764801025390625e+01 1.170652055293430749e-07
4.118552803993225098e-02 5.998895263671875000e+01 9.201131945246743271e-08
3.379936888813972473e-02 5.999028778076171875e+01 6.782819639283843571e-08
2.966331876814365387e-02 5.999153900146484375e+01 4.729505320710813976e-08
2.560829184949398041e-02 5.999272918701171875e+01 3.385740043881924066e-08
2.192597277462482452e-02 5.999381256103515625e+01 2.416240896252475068e-08
1.875430904328823090e-02 5.999471664428710938e+01 1.766203716613290453e-08
1.712425425648689270e-02 5.999556732177734375e+01 1.427746365578741461e-08
1.662813313305377960e-02 5.999615478515625000e+01 1.162440099733430543e-08
1.671271584928035736e-02 5.999668121337890625e+01 9.640853448900088551e-09
1.702299527823925018e-02 5.999694442749023438e+01 8.159567244092613691e-09
1.885551214218139648e-02 5.999708557128906250e+01 6.604867319737195430e-09
2.006079442799091339e-02 5.999702072143554688e+01 5.198365737868471115e-09
2.208801358938217163e-02 5.999690246582031250e+01 4.712473522516802404e-09
2.369084954261779785e-02 5.999656295776367188e+01 4.844849854634958319e-09
2.571837231516838074e-02 5.999623107910156250e+01 6.393818363648051672e-09
2.717469260096549988e-02 5.999575805664062500e+01 9.346695861722764676e-09
2.885829098522663116e-02 5.999526977539062500e+01 1.308043806602654513e-08
2.938402071595191956e-02 5.999473953247070312e+01 1.858180986857860262e-08
3.036763332784175873e-02 5.999424362182617188e+01 2.435267987266342971e-08
3.196278214454650879e-02 5.999362182617187500e+01 3.257421354874168173e-08
3.251510113477706909e-02 5.999312591552734375e+01 3.806743364975773147e-08
3.420386090874671936e-02 5.999260330200195312e+01 4.461992375581758097e-08
3.469414263963699341e-02 5.999208068847656250e+01 5.077755815818818519e-08
3.546856716275215149e-02 5.999166107177734375e+01 5.367233768538426375e-08
3.506946563720703125e-02 5.999149703979492188e+01 5.793978985479952826e-08
3.609544038772583008e-02 5.999120330810546875e+01 5.930408875087778142e-08
3.633705899119377136e-02 5.999115371704101562e+01 6.174168021289005992e-08
3.501540794968605042e-02 5.999093627929687500e+01 6.047829259614445618e-08
3.704861551523208618e-02 5.999103546142578125e+01 5.787772394683088351e-08
3.524795174598693848e-02 5.999120330810546875e+01 5.362419486232283816e-08
3.428200632333755493e-02 5.999152374267578125e+01 5.068142172603984363e-08
3.145022690296173096e-02 5.999176025390625000e+01 4.535571207497923751e-08
3.108114935457706451e-02 5.999226379394531250e+01 4.242440354573773220e-08
2.915453538298606873e-02 5.999299621582031250e+01 3.657654445987645886e-08
2.699715085327625275e-02 5.999326705932617188e+01 3.181573760002720519e-08
2.539789676666259766e-02 5.999386596679687500e+01 2.642829777244060097e-08
2.193582803010940552e-02 5.999441528320312500e+01 2.260646247975728329e-08
1.985391229391098022e-02 5.999509811401367188e+01 1.869346988314646296e-08
1.826350949704647064e-02 5.999559402465820312e+01 1.461620779963368477e-08
1.585039682686328888e-02 5.999617004394531250e+01 1.203015820294695004e-08
1.412368100136518478e-02 5.999667358398437500e+01 9.415382251631854160e-09
1.268564816564321518e-02 5.999701690673828125e+01 7.115155575831977330e-09
1.137019693851470947e-02 5.999740600585937500e+01 5.249261914030967091e-09
1.056449301540851593e-02 5.999774169921875000e+01 3.753451771615345933e-09
1.015929225832223892e-02 5.999794769287109375e+01 2.726207037895278518e-09
1.020936109125614166e-02 5.999805450439453125e+01 1.812672900669554110e-09
1.050944905728101730e-02 5.999812698364257812e+01 1.471291644072891813e-09
1.124559994786977768e-02 5.999808502197265625e+01 1.478996480841487937e-09
1.222504582256078720e-02 5.999800872802734375e+01 1.873403210339574798e-09
1.351532712578773499e-02 5.999782562255859375e+01 2.503642626550117711e-09
1.433484815061092377e-02 5.999758148193359375e+01 3.799785819325052216e-09
1.560981757938861847e-02 5.999729156494140625e+01 4.991573820944950057e-09
1.665614172816276550e-02 5.999698257446289062e+01 6.595223478456091470e-09
1.844903454184532166e-02 5.999661254882812500e+01 8.270017559652842465e-09
1.958727836608886719e-02 5.999622726440429688e+01 1.018749085091030793e-08
2.049527131021022797e-02 5.999591827392578125e+01 1.208093003413068800e-08
2.090707980096340179e-02 5.999558258056640625e+01 1.358157497577394679e-08
2.179286628961563110e-02 5.999533843994140625e+01 1.526018067465884087e-08
2.195584401488304138e-02 5.999495697021484375e+01 1.624044720927031449e-08
2.332315593957901001e-02 5.999466705322265625e+01 1.703716456802339962e-08
2.255446650087833405e-02 5.999452590942382812e+01 1.866436072361921106e-08
2.285154350101947784e-02 5.999427795410156250e+01 1.773217483957978402e-08
2.309935539960861206e-02 5.999399185180664062e+01 1.995152132394650835e-08
2.178392745554447174e-02 5.999415588378906250e+01 1.990008158259115589e-08
2.135875076055526733e-02 5.999409484863281250e+01 2.007901578338078252e-08
2.132404968142509460e-02 5.999400329589843750e+01 1.971241303522219823e-08
2.112465351819992065e-02 5.999396896362304688e+01 2.123220532723735232e-08
2.091429568827152252e-02 5.999405670166015625e+01 2.092990136759453890e-08
2.128706127405166626e-02 5.999404907226562500e+01 2.093345230491650000e-08
2.100179716944694519e-02 5.999442672729492188e+01 1.935005755626661994e-08
1.972302794456481934e-02 5.999454879760742188e+01 1.924790105078955094e-08
1.951770484447479248e-02 5.999476623535156250e+01 1.843825181424563198e-08
1.887528225779533386e-02 5.999515151977539062e+01 1.689395467963095143e-08
1.808754540979862213e-02 5.999554061889648438e+01 1.443797881250930004e-08
1.628659293055534363e-02 5.999575805664062500e+01 1.317797071465065528e-08
1.559334434568881989e-02 5.999618530273437500e+01 1.138857896876288578e-08
1.497383136302232742e-02 5.999663925170898438e+01 9.374155673924633447e-09
1.289558503776788712e-02 5.999700164794921875e+01 7.595752471445393894e-09
1.206377428025007248e-02 5.999732208251953125e+01 5.894800203520844661e-09
1.089740917086601257e-02 5.999765396118164062e+01 4.475679382665020967e-09
9.665709920227527618e-03 5.999797439575195312e+01 3.348958887983144450e-09
8.439862169325351715e-03 5.999831390380859375e+01 2.274797239465442544e-09
7.384042721241712570e-03 5.999855804443359375e+01 1.602335597539195078e-09
6.795549299567937851e-03 5.999874496459960938e+01 1.132760885091954606e-09
5.886960774660110474e-03 5.999887466430664062e+01 8.760331349222383324e-10
5.374766420572996140e-03 5.999897003173828125e+01 7.632392495793283160e-10
4.896113649010658264e-03 5.999901580810546875e+01 7.169859705946635131e-10
4.913737066090106964e-03 5.999898910522460938e+01 7.558592085565862817e-10
5.038443487137556076e-03 5.999893188476562500e+01 8.067487788920857383e-10
5.596774164587259293e-03 5.999878692626953125e+01 8.131507689412842410e-10
6.467104889452457428e-03 5.999858474731445312e+01 9.649593346594542709e-10
7.248676847666501999e-03 5.999838256835937500e+01 1.091990387003249907e-09
8.425504900515079498e-03 5.999812316894531250e+01 1.339731658944742776e-09
9.438116103410720825e-03 5.999782180786132812e+01 1.651692560500350737e-09
1.097429078072309494e-02 5.999751663208007812e+01 2.145183586321763869e-09
1.213088072836399078e-02 5.999721527099609375e+01 2.770153662012830864e-09
1.309954840689897537e-02 5.999687576293945312e+01 3.644828217019835392e-09
1.414400059729814529e-02 5.999658584594726562e+01 4.506417461414002901e-09
1.572815142571926117e-02 5.999630355834960938e+01 5.711338069147586793e-09
1.616199128329753876e-02 5.999598693847656250e+01 6.834802057653632801e-09
1.714941300451755524e-02 5.999591827392578125e+01 8.259357642259601562e-09
1.718046888709068298e-02 5.999565887451171875e+01 8.889982083815084479e-09
1.758637093007564545e-02 5.999565124511718750e+01 9.955799740168913559e-09
1.787714287638664246e-02 5.999561309814453125e+01 1.046657072123480248e-08
1.765932887792587280e-02 5.999549102783203125e+01 1.120177994806681454e-08
1.796950027346611023e-02 5.999550247192382812e+01 1.172758157252928868e-08
1.688730530440807343e-02 5.999553680419921875e+01 1.124572079902463884e-08
1.596335135400295258e-02 5.999565505981445312e+01 1.123295412241986924e-08
1.586566865444183350e-02 5.999580383300781250e+01 1.055714804465424095e-08
1.463762205094099045e-02 5.999591445922851562e+01 1.008222483278586878e-08
1.414875779300928116e-02 5.999620437622070312e+01 9.598631223184383998e-09
1.279573515057563782e-02 5.999649810791015625e+01 8.650784089070384653e-09
1.170145999640226364e-02 5.999678802490234375e+01 7.103643451245034157e-09
1.064207497984170914e-02 5.999704360961914062e+01 6.343468861302881123e-09
9.702488780021667480e-03 5.999732208251953125e+01 5.169440875363306986e-09
9.419039823114871979e-03 5.999761962890625000e+01 4.230984451680797065e-09
7.945058867335319519e-03 5.999788665771484375e+01 3.463742848097695060e-09
7.137151435017585754e-03 5.999809646606445312e+01 2.643034235916275065e-09
6.319539621472358704e-03 5.999838256835937500e+01 1.893966983246286873e-09
5.638131406158208847e-03 5.999861907958984375e+01 1.374466762626980199e-09
4.860989283770322800e-03 5.999885177612304688e+01 9.959557623062664788e-10
4.413308110088109970e-03 5.999901580810546875e+01 6.532823726423941935e-10
4.061313811689615250e-03 5.999916839599609375e+01 4.528636909917338471e-10
3.669274505227804184e-03 5.999929046630859375e+01 3.540819304426179315e-10
3.479705657809972763e-03 5.999937057495117188e+01 3.010041937923091382e-10
3.417562926188111305e-03 5.999942016601562500e+01 2.945962362943532753e-10
3.326585981994867325e-03 5.999942398071289062e+01 2.939180288041853828e-10
3.250726498663425446e-03 5.999942016601562500e+01 3.094891287691581283e-10
3.359045367687940598e-03 5.999936676025390625e+01 3.027322836857138100e-10
3.602868178859353065e-03 5.999929046630859375e+01 2.810296440003412499e-10
3.940129652619361877e-03 5.999918365478515625e+01 2.413476085649790548e-10
4.257970023900270462e-03 5.999905395507812500e+01 1.948280980990091393e-10
4.757231101393699646e-03 5.999888610839843750e+01 1.599900351090255413e-10
5.240537691861391068e-03 5.999873352050781250e+01 1.271294874927164642e-10
5.689883138984441757e-03 5.999857330322265625e+01 1.415329797804787404e-10
6.736401934176683426e-03 5.999832916259765625e+01 2.166755802557318589e-10
7.286579348146915436e-03 5.999813079833984375e+01 3.524324720949323364e-10
8.289297111332416534e-03 5.999794769287109375e+01 5.972751737637338465e-10
8.889542892575263977e-03 5.999771881103515625e+01 9.381035948052840467e-10
9.030340239405632019e-03 5.999758148193359375e+01 1.376735503377801706e-09
1.065071020275354385e-02 5.999747467041015625e+01 1.820600337154587578e-09
1.091075595468282700e-02 5.999734878540039062e+01 2.457317682669213355e-09
1.119556929916143417e-02 5.999718093872070312e+01 2.854571024002439117e-09
1.155370101332664490e-02 5.999704360961914062e+01 3.489072586404518006e-09
1.201846264302730560e-02 5.999707794189453125e+01 3.989306218699084639e-09
1.172912213951349258e-02 5.999704360961914062e+01 4.551982346612248875e-09
1.275260187685489655e-02 5.999698638916015625e+01 4.577549006512526830e-09
1.181849185377359390e-02 5.999700164794921875e+01 5.005710512762107101e-09
1.153261307626962662e-02 5.999710083007812500e+01 4.792895857974599494e-09
1.080787554383277893e-02 5.999722290039062500e+01 5.115224688267971942e-09
1.071896590292453766e-02 5.999729919433593750e+01 4.542664910900384712e-09
1.004200614988803864e-02 5.999744033813476562e+01 4.276094589528156575e-09
9.357726201415061951e-03 5.999763107299804688e+01 3.902501433117322449e-09
8.533787913620471954e-03 5.999781799316406250e+01 3.492442779418070131e-09
7.817026227712631226e-03 5.999796295166015625e+01 2.904340767884150409e-09
6.961847655475139618e-03 5.999816894531250000e+01 2.302488422145643199e-09
6.097437813878059387e-03 5.999834442138671875e+01 1.801350513197519376e-09
5.217728670686483383e-03 5.999854278564453125e+01 1.416638473195064307e-09
4.311057738959789276e-03 5.999870300292968750e+01 1.039369035282788900e-09
3.727932460606098175e-03 5.999887847900390625e+01 7.018980396900076357e-10
3.012743312865495682e-03 5.999905395507812500e+01 4.443182488600427860e-10
2.547753741964697838e-03 5.999919891357421875e+01 2.576322766234540040e-10
2.025576541200280190e-03 5.999929428100585938e+01 1.255631015828484465e-10
1.805972657166421413e-03 5.999940872192382812e+01 5.501572114541275482e-11
1.527494168840348721e-03 5.999948501586914062e+01 2.950646671440182445e-11
1.378688844852149487e-03 5.999954223632812500e+01 3.277159446590793834e-11
1.440381514839828014e-03 5.999957275390625000e+01 5.730647553714440789e-11
1.658859895542263985e-03 5.999959564208984375e+01 9.250576693542456042e-11
1.740190084092319012e-03 5.999957275390625000e+01 1.313999742347249367e-10
2.035564975813031197e-03 5.999954223632812500e+01 1.616302369722433241e-10
2.413743408396840096e-03 5.999948120117187500e+01 1.937967147869201767e-10
2.804255345836281776e-03 5.999941253662109375e+01 2.132141685429189693e-10
3.179631894454360008e-03 5.999932098388671875e+01 2.256320685845025764e-10
3.670421661809086800e-03 5.999924468994140625e+01 2.449955516237167785e-10
4.017248284071683884e-03 5.999915695190429688e+01 2.469364435153664772e-10
4.581209737807512283e-03 5.999900054931640625e+01 2.550545330493037000e-10
4.955052398145198822e-03 5.999892807006835938e+01 2.879872729177890278e-10
5.206103902310132980e-03 5.999883270263671875e+01 3.064070108749206156e-10
5.674421321600675583e-03 5.999868392944335938e+01 3.603685683195578804e-10
6.008846219629049301e-03 5.999858856201171875e+01 4.146417653672074266e-10
6.168510299175977707e-03 5.999845504760742188e+01 4.992568580775014198e-10
6.445892155170440674e-03 5.999837875366210938e+01 5.851271134282853836e-10
6.532540544867515564e-03 5.999831771850585938e+01 7.405538959837087987e-10
6.639430765062570572e-03 5.999824905395507812e+01 8.774880821960096000e-10
7.060342002660036087e-03 5.999816131591796875e+01 1.085166623226996307e-09
7.043123245239257812e-03 5.999816894531250000e+01 1.203693589246768170e-09
7.352785207331180573e-03 5.999813079833984375e+01 1.356113554784599273e-09
6.979715079069137573e-03 5.999807739257812500e+01 1.509297908874884797e-09
7.008917629718780518e-03 5.999809646606445312e+01 1.721756626160697579e-09
6.720525212585926056e-03 5.999809646606445312e+01 1.738279409302379008e-09
7.177847903221845627e-03 5.999812316894531250e+01 1.824600803779219405e-09
7.118939887732267380e-03 5.999814605712890625e+01 1.872273447389716239e-09
6.499518640339374542e-03 5.999824142456054688e+01 1.817059058772940716e-09
6.521330215036869049e-03 5.999831771850585938e+01 1.883408096148286859e-09
5.771143827587366104e-03 5.999837875366210938e+01 1.630701240706855515e-09
5.529930815100669861e-03 5.999845504760742188e+01 1.633439161707883613e-09
5.209395196288824081e-03 5.999858093261718750e+01 1.383628100981582065e-09
4.897199571132659912e-03 5.999865722656250000e+01 1.218261602708992086e-09
4.602393135428428650e-03 5.999877548217773438e+01 1.044069608546749350e-09
3.999942447990179062e-03 5.999885940551757812e+01 8.018540276211183482e-10
3.692568046972155571e-03 5.999898910522460938e+01 6.345463043899712829e-10
3.219709033146500587e-03 5.999909973144531250e+01 4.870405745371897410e-10
2.724525285884737968e-03 5.999917602539062500e+01 3.448828167496031938e-10
2.434177557006478310e-03 5.999927520751953125e+01 2.346239591499710286e-10
2.160811796784400940e-03 5.999936676025390625e+01 1.508144303885572413e-10
1.800614874809980392e-03 5.999943542480468750e+01 9.670053646715359719e-11
1.612984342500567436e-03 5.999951171875000000e+01 6.605818669846996727e-11
1.451633521355688572e-03 5.999956130981445312e+01 5.430804070338801637e-11
1.316309324465692043e-03 5.999959564208984375e+01 5.636967628785960471e-11
1.294384244829416275e-03 5.999961853027343750e+01 6.629353316300878873e-11
1.255575800314545631e-03 5.999964141845703125e+01 8.553346919626392264e-11
1.405679038725793362e-03 5.999963378906250000e+01 1.019910891852937596e-10
1.453437260352075100e-03 5.999961853027343750e+01 1.142223468586500701e-10
1.607330865226686001e-03 5.999960327148437500e+01 1.321650289209941320e-10
1.753781689330935478e-03 5.999956130981445312e+01 1.346840139415661497e-10
2.063175896182656288e-03 5.999951171875000000e+01 1.373468422327661642e-10
2.376421354711055756e-03 5.999947357177734375e+01 1.445376873743242641e-10
2.642228035256266594e-03 5.999940872192382812e+01 1.374462210712579235e-10
2.944084815680980682e-03 5.999935150146484375e+01 1.386343262410605348e-10
3.128935582935810089e-03 5.999929809570312500e+01 1.475784772164701053e-10
3.439390333369374275e-03 5.999923324584960938e+01 1.577759173310155916e-10
3.625614335760474205e-03 5.999917984008789062e+01 1.814996347659914022e-10
3.822900820523500443e-03 5.999912261962890625e+01 1.992626758040572099e-10
4.012377467006444931e-03 5.999905395507812500e+01 2.255048231480927257e-10
4.228022880852222443e-03 5.999898910522460938e+01 2.689675981937256211e-10
4.117124713957309723e-03 5.999897003173828125e+01 3.019463012954304304e-10
4.193900618702173233e-03 5.999892425537109375e+01 3.437309881171302095e-10
4.343572072684764862e-03 5.999892807006835938e+01 4.055249469558930286e-10
4.441276658326387405e-03 5.999888992309570312e+01 4.535228304014538026e-10
4.158263560384511948e-03 5.999887084960937500e+01 5.245399115061388784e-10
4.263279493898153305e-03 5.999886322021484375e+01 5.500664368440766339e-10
4.143914207816123962e-03 5.999885559082031250e+01 5.869984498474423162e-10
3.909552469849586487e-03 5.999888610839843750e+01 6.167271693335862892e-10
4.182709380984306335e-03 5.999888992309570312e+01 6.507379080034070284e-10
3.820613725110888481e-03 5.999887847900390625e+01 6.688716247538195603e-10
3.826171858236193657e-03 5.999895095825195312e+01 6.733790747226464646e-10
3.629768034443259239e-03 5.999896621704101562e+01 6.652421946640174610e-10
3.506958484649658203e-03 5.999900054931640625e+01 6.390868390049320169e-10
3.356470959261059761e-03 5.999902725219726562e+01 6.279154418642463042e-10
3.284744452685117722e-03 5.999908828735351562e+01 5.935831270953428884e-10
3.276523901149630547e-03 5.999913024902343750e+01 5.452616691492551126e-10
3.010731888934969902e-03 5.999916839599609375e+01 4.966786426585656500e-10
2.887418959289789200e-03 5.999921417236328125e+01 4.465640912609813995e-10
2.810126170516014099e-03 5.999926757812500000e+01 3.752489985409113160e-10
2.581852488219738007e-03 5.999931716918945312e+01 3.231463152619795665e-10
2.324731089174747467e-03 5.999935913085937500e+01 2.631831141908236305e-10
2.343003172427415848e-03 5.999942016601562500e+01 2.178507235717219714e-10
2.167107537388801575e-03 5.999947357177734375e+01 1.671669053182611719e-10
1.968831988051533699e-03 5.999951171875000000e+01 1.350572709224451273e-10
1.787416869774460793e-03 5.999954986572265625e+01 1.116409048540489835e-10
1.649776357226073742e-03 5.999959564208984375e+01 8.978474907994637988e-11
1.570144435390830040e-03 5.999962615966796875e+01 7.969547244357499949e-11
1.415289123542606831e-03 5.999965667724609375e+01 6.974527205771963168e-11
1.279279473237693310e-03 5.999969100952148438e+01 6.887578701819663252e-11
1.154831261374056339e-03 5.999970245361328125e+01 6.706635941045036020e-11
1.109119039028882980e-03 5.999971389770507812e+01 6.474493857711038913e-11
1.137364655733108521e-03 5.999972534179687500e+01 6.343024022692489439e-11
1.098665175959467888e-03 5.999972534179687500e+01 5.936540148354652047e-11
1.078519970178604126e-03 5.999972534179687500e+01 5.260605145940289162e-11
1.158756320364773273e-03 5.999971008300781250e+01 4.533192571321009723e-11
1.202688436023890972e-03 5.999969100952148438e+01 3.586913405184688486e-11
1.333756605163216591e-03 5.999967575073242188e+01 2.830453406377220205e-11
1.463223248720169067e-03 5.999963760375976562e+01 2.073843007044384734e-11
1.574245980009436607e-03 5.999962615966796875e+01 1.746614138042890119e-11
1.735658268444240093e-03 5.999958419799804688e+01 1.853108291816063513e-11
1.858401112258434296e-03 5.999955749511718750e+01 2.585744812710899510e-11
2.071524970233440399e-03 5.999953460693359375e+01 3.781990692841574742e-11
2.212610328570008278e-03 5.999948501586914062e+01 5.731184971047298404e-11
2.326838672161102295e-03 5.999944305419921875e+01 8.467577333748366186e-11
2.523839008063077927e-03 5.999942016601562500e+01 1.167263785628591677e-10
2.535010688006877899e-03 5.999938201904296875e+01 1.609208460928712725e-10
2.726713893935084343e-03 5.999935913085937500e+01 1.897411533446913268e-10
2.644394291564822197e-03 5.999932861328125000e+01 2.237225821266619619e-10
2.825190080329775810e-03 5.999932861328125000e+01 2.778752783427762552e-10
2.711232751607894897e-03 5.999929428100585938e+01 3.029337891646832759e-10
2.713418100029230118e-03 5.999929046630859375e+01 3.301073581152280667e-10
2.654415555298328400e-03 5.999927139282226562e+01 3.516735236352985794e-10
2.771365223452448845e-03 5.999927520751953125e+01 3.599704978540785305e-10
2.594865858554840088e-03 5.999928283691406250e+01 3.763853673177663950e-10
2.619811100885272026e-03 5.999930572509765625e+01 3.774074941453875454e-10
2.545818686485290527e-03 5.999930572509765625e+01 3.579057050728806644e-10
2.530855592340230942e-03 5.999932861328125000e+01 3.478762278241731565e-10
2.371705602854490280e-03 5.999934387207031250e+01 3.322969399643938004e-10
2.232177881523966789e-03 5.999935531616210938e+01 3.048356289614417847e-10
2.220840891823172569e-03 5.999938964843750000e+01 2.805562726582166988e-10
2.115135081112384796e-03 5.999940872192382812e+01 2.448413694011719599e-10
2.098770113661885262e-03 5.999944686889648438e+01 2.108026808667062824e-10
1.909528393298387527e-03 5.999947357177734375e+01 1.786434333794773011e-10
1.807552180252969265e-03 5.999952316284179688e+01 1.480774253215244585e-10
1.666120020672678947e-03 5.999954223632812500e+01 1.236013374983357949e-10
1.573616988025605679e-03 5.999958801269531250e+01 9.510628395936748802e-11
1.438064617104828358e-03 5.999962615966796875e+01 7.535171098194126671e-11
1.276033231988549232e-03 5.999966430664062500e+01 5.820053119998114255e-11
1.179720507934689522e-03 5.999969482421875000e+01 4.487252236451411136e-11
1.084342482499778271e-03 5.999973297119140625e+01 3.520611926988159723e-11
9.757839143276214600e-04 5.999975585937500000e+01 2.841893734228939650e-11
8.961052517406642437e-04 5.999977874755859375e+01 2.383021731333645477e-11
7.901280769146978855e-04 5.999980926513671875e+01 2.139088559061086414e-11
6.923498003743588924e-04 5.999983215332031250e+01 1.836011724598574091e-11
6.258923094719648361e-04 5.999984741210937500e+01 1.716633953041668548e-11
5.807627458125352859e-04 5.999985504150390625e+01 1.526114824790258950e-11
5.676186992786824703e-04 5.999986648559570312e+01 1.299572342100541178e-11
5.431099561974406242e-04 5.999986648559570312e+01 1.001510246262382609e-11
5.499948165379464626e-04 5.999985504150390625e+01 7.169163266512734722e-12
5.850669695064425468e-04 5.999984741210937500e+01 5.065194357695146365e-12
6.605108501389622688e-04 5.999983978271484375e+01 3.860747659067964577e-12
7.455358863808214664e-04 5.999980926513671875e+01 4.762742717573376083e-12
8.359077037312090397e-04 5.999977874755859375e+01 7.806601719229089298e-12
9.477936546318233013e-04 5.999977111816406250e+01 1.418156477667187332e-11
1.056996756233274937e-03 5.999973297119140625e+01 2.446693368740593399e-11
1.263848738744854927e-03 5.999969863891601562e+01 3.902127926336262931e-11
1.406913623213768005e-03 5.999966430664062500e+01 5.558722232512636197e-11
1.574738067574799061e-03 5.999962615966796875e+01 7.823001968443321630e-11
1.647040829993784428e-03 5.999961090087890625e+01 1.029784174599868152e-10
1.834114547818899155e-03 5.999957275390625000e+01 1.285625494951148085e-10
1.860571908764541149e-03 5.999954986572265625e+01 1.457782228264647983e-10
1.995010068640112877e-03 5.999952316284179688e+01 1.724124176760710725e-10
2.122155623510479927e-03 5.999950027465820312e+01 1.913989522428494183e-10
2.194341272115707397e-03 5.999948501586914062e+01 2.059955400701696249e-10
2.214810810983181000e-03 5.999948120117187500e+01 2.170166824022601304e-10
2.138283802196383476e-03 5.999947357177734375e+01 2.199692927806751186e-10
2.003840403631329536e-03 5.999946975708007812e+01 2.223908973641997022e-10
1.948525430634617805e-03 5.999948883056640625e+01 2.065932563910521935e-10
1.882888958789408207e-03 5.999950408935546875e+01 2.000756504916267886e-10
1.790644018910825253e-03 5.999951171875000000e+01 1.817466593889704995e-10
1.708194962702691555e-03 5.999953842163085938e+01 1.583505410129859570e-10
1.515838201157748699e-03 5.999956130981445312e+01 1.435991742182451958e-10
1.538209267891943455e-03 5.999958801269531250e+01 1.217182604706934512e-10
1.353706815280020237e-03 5.999961853027343750e+01 1.036959060285447265e-10
1.231549773365259171e-03 5.999964904785156250e+01 8.146383567719794883e-11
1.087727490812540054e-03 5.999967193603515625e+01 6.313913281097427443e-11
1.007013488560914993e-03 5.999970245361328125e+01 4.979321469034125869e-11
8.644924964755773544e-04 5.999973297119140625e+01 3.484955726773542040e-11
7.773257093504071236e-04 5.999976348876953125e+01 2.410778174311012378e-11
6.778941024094820023e-04 5.999980163574218750e+01 1.631235771459849104e-11
6.084544002078473568e-04 5.999981689453125000e+01 1.081085915233259698e-11
5.267155938781797886e-04 5.999983978271484375e+01 6.871373695732652109e-12
4.825672367587685585e-04 5.999986648559570312e+01 4.673588339249024060e-12
4.605469293892383575e-04 5.999988174438476562e+01 3.781402708319392403e-12
4.280504654161632061e-04 5.999989318847656250e+01 3.691439948855235187e-12
4.100254154764115810e-04 5.999990463256835938e+01 4.040533099075593881e-12
4.122671089135110378e-04 5.999991607666015625e+01 4.512171018766775177e-12
3.971838159486651421e-04 5.999991989135742188e+01 5.259755738590277119e-12
4.094057949259877205e-04 5.999991989135742188e+01 5.763093995081458587e-12
4.273756931070238352e-04 5.999991607666015625e+01 6.247705477968601429e-12
4.553378676064312458e-04 5.999990844726562500e+01 6.666711020036908408e-12
4.943262902088463306e-04 5.999990463256835938e+01 7.084218194702840421e-12
5.483474815264344215e-04 5.999988555908203125e+01 8.168581262790741704e-12
6.026254268363118172e-04 5.999987792968750000e+01 9.150110356903606856e-12
6.479661678895354271e-04 5.999986267089843750e+01 1.078605867815829455e-11
6.976775475777685642e-04 5.999984741210937500e+01 1.467977649161067433e-11
7.719952845945954323e-04 5.999982452392578125e+01 1.841418510728498603e-11
8.529901970177888870e-04 5.999980926513671875e+01 2.330463079458500175e-11
9.295371128246188164e-04 5.999979400634765625e+01 3.012992286222093696e-11
9.910718072205781937e-04 5.999976348876953125e+01 3.816924554200795683e-11
1.062717288732528687e-03 5.999974822998046875e+01 4.538014408694834856e-11
1.169189927168190479e-03 5.999972915649414062e+01 5.489845730788367462e-11
1.222008140757679939e-03 5.999971008300781250e+01 6.397437440908149142e-11
1.307448022998869419e-03 5.999969482421875000e+01 6.882803355034994297e-11
1.319459755904972553e-03 5.999967956542968750e+01 7.647279337552603806e-11
1.347416779026389122e-03 5.999967193603515625e+01 8.408067297960286623e-11
1.353260362520813942e-03 5.999966430664062500e+01 8.919383981398354422e-11
1.310986466705799103e-03 5.999966430664062500e+01 8.850800647941525767e-11
1.322264084592461586e-03 5.999966430664062500e+01 8.809864643355425073e-11
1.322563271969556808e-03 5.999967575073242188e+01 8.572931947670170416e-11
1.271891174837946892e-03 5.999967575073242188e+01 8.050558136796226449e-11
1.206394052132964134e-03 5.999969100952148438e+01 7.450145361742599448e-11
1.111659803427755833e-03 5.999969482421875000e+01 6.923853851370509460e-11
1.024614670313894749e-03 5.999971389770507812e+01 5.973790906388387612e-11
9.746057912707328796e-04 5.999973297119140625e+01 4.962465507962754430e-11
8.824190590530633926e-04 5.999975204467773438e+01 3.951430849191694961e-11
7.832422852516174316e-04 5.999977111816406250e+01 3.121687977558629257e-11
7.014690781943500042e-04 5.999979019165039062e+01 2.496068976509668857e-11
6.474362453445792198e-04 5.999980545043945312e+01 1.901068018284046701e-11
5.496787489391863346e-04 5.999982833862304688e+01 1.247720763514204023e-11
4.720927390735596418e-04 5.999984359741210938e+01 9.239222234502797448e-12
4.094821051694452763e-04 5.999986267089843750e+01 6.477237149415948636e-12
3.689008881337940693e-04 5.999987792968750000e+01 4.552273055041800021e-12
3.246200794819742441e-04 5.999989318847656250e+01 3.433962099050336114e-12
3.017409471794962883e-04 5.999990463256835938e+01 3.011109590833616068e-12
3.048234793823212385e-04 5.999991607666015625e+01 3.096083936102167478e-12
3.032634267583489418e-04 5.999991989135742188e+01 3.069871830699288928e-12
3.009818610735237598e-04 5.999992752075195312e+01 3.332503110270446101e-12
3.259718650951981544e-04 5.999993133544921875e+01 3.592808559341187369e-12
3.455937549006193876e-04 5.999993133544921875e+01 4.026503089282762460e-12
3.906905476469546556e-04 5.999993133544921875e+01 4.320269402641185863e-12
3.985028888564556837e-04 5.999992370605468750e+01 4.471369021569193691e-12
4.349102382548153400e-04 5.999992370605468750e+01 4.792213934706746059e-12
4.704546299763023853e-04 5.999991989135742188e+01 5.166308787024620486e-12
4.896715399809181690e-04 5.999991607666015625e+01 5.793859749608776255e-12
5.037043592892587185e-04 5.999990463256835938e+01 6.468543149035221873e-12
5.505685694515705109e-04 5.999989318847656250e+01 7.649192911018953822e-12
5.732403951697051525e-04 5.999988555908203125e+01 8.967501220757956304e-12
6.084570195525884628e-04 5.999987792968750000e+01 1.107198447508617178e-11
6.146898376755416393e-04 5.999986648559570312e+01 1.254690362023636041e-11
6.361395353451371193e-04 5.999985122680664062e+01 1.485619266494708768e-11
6.596604362130165100e-04 5.999984359741210938e+01 1.689814087268981524e-11
6.879775901325047016e-04 5.999983215332031250e+01 1.956641793032787291e-11
6.786352605558931828e-04 5.999981689453125000e+01 2.250825914540399708e-11
7.303390302695333958e-04 5.999980926513671875e+01 2.445505603576592080e-11
7.363520562648773193e-04 5.999980545043945312e+01 2.739793288075720312e-11
7.577497744932770729e-04 5.999979400634765625e+01 2.873173747530710642e-11
7.689842022955417633e-04 5.999978637695312500e+01 3.018934408016704651e-11
8.048446034081280231e-04 5.999977874755859375e+01 3.354436867164523051e-11
7.916020113043487072e-04 5.999977874755859375e+01 3.427663361477151227e-11
8.101791609078645706e-04 5.999977111816406250e+01 3.407380974596030399e-11
8.135175448842346668e-04 5.999977493286132812e+01 3.326475206399948092e-11
8.012158796191215515e-04 5.999977874755859375e+01 3.257884587104520335e-11
7.682120194658637047e-04 5.999978637695312500e+01 3.195190639848632941e-11
7.464275695383548737e-04 5.999979019165039062e+01 2.857838965475423265e-11
6.971822585910558701e-04 5.999980545043945312e+01 2.623723981132197736e-11
6.565687363035976887e-04 5.999980926513671875e+01 2.347319214002219212e-11
6.070150411687791348e-04 5.999981307983398438e+01 2.057883377593050511e-11
5.839067744091153145e-04 5.999982833862304688e+01 1.819045782058825722e-11
5.536438548006117344e-04 5.999984741210937500e+01 1.581845245068880246e-11
4.966132692061364651e-04 5.999985504150390625e+01 1.242568287845857711e-11
4.520415095612406731e-04 5.999986648559570312e+01 1.051230109905265664e-11
3.842818841803818941e-04 5.999988555908203125e+01 7.986234937251701638e-12
3.673607425298541784e-04 5.999989318847656250e+01 6.252768268433239740e-12
3.135672304779291153e-04 5.999991607666015625e+01 4.844699294515031340e-12
2.816767373587936163e-04 5.999991989135742188e+01 3.639477608174956913e-12
2.499914553482085466e-04 5.999993133544921875e+01 2.827677762079483514e-12
2.374418254476040602e-04 5.999994277954101562e+01 2.264595195394791816e-12
2.216981229139491916e-04 5.999994277954101562e+01 1.791660786745752354e-12
2.166993508581072092e-04 5.999995422363281250e+01 1.646664033426448182e-12
2.110574860125780106e-04 5.999995803833007812e+01 1.531299392842910834e-12
2.154596731998026371e-04 5.999996185302734375e+01 1.487629572478887940e-12
2.288080140715464950e-04 5.999996185302734375e+01 1.507415720025662154e-12
2.375164040131494403e-04 5.999995803833007812e+01 1.567156343931785933e-12
2.617409627418965101e-04 5.999995803833007812e+01 1.685871169228303490e-12
2.838585642166435719e-04 5.999994659423828125e+01 1.879104944563225743e-12
2.982645237352699041e-04 5.999994277954101562e+01 2.114114655907273210e-12
3.264146507717669010e-04 5.999994277954101562e+01 2.453289307813300013e-12
3.330442996229976416e-04 5.999993133544921875e+01 2.826427676974607728e-12
3.517164732329547405e-04 5.999992370605468750e+01 3.276349243991338867e-12
3.571792040020227432e-04 5.999991607666015625e+01 4.011816052973404823e-12
3.860417637042701244e-04 5.999990463256835938e+01 4.800777830826774562e-12
3.856316034216433764e-04 5.999989318847656250e+01 5.512216551262216768e-12
4.165371647104620934e-04 5.999988937377929688e+01 6.779533098105750000e-12
4.473691224120557308e-04 5.999988174438476562e+01 7.749193647876850832e-12
4.727774939965456724e-04 5.999987792968750000e+01 8.701241116515490148e-12
4.796092980541288853e-04 5.999986648559570312e+01 1.045335172589201278e-11
4.931447911076247692e-04 5.999985504150390625e+01 1.168263576156736150e-11
5.172227974981069565e-04 5.999985122680664062e+01 1.245363014101830146e-11
5.090849008411169052e-04 5.999984741210937500e+01 1.386396292907265959e-11
5.460462416522204876e-04 5.999984741210937500e+01 1.474362298914400071e-11
5.763189983554184437e-04 5.999984359741210938e+01 1.652866038481803912e-11
5.648423102684319019e-04 5.999983978271484375e+01 1.732295210055134760e-11
6.037664134055376053e-04 5.999984359741210938e+01 1.674815147678643257e-11
5.513193900696933270e-04 5.999984741210937500e+01 1.729298301778037228e-11
5.427906871773302555e-04 5.999984359741210938e+01 1.697290918922789160e-11
5.337711190804839134e-04 5.999985122680664062e+01 1.544104080708486038e-11
5.212391261011362076e-04 5.999985504150390625e+01 1.433242066695150640e-11
4.900277126580476761e-04 5.999986648559570312e+01 1.299068231458422318e-11
4.459831106942147017e-04 5.999987792968750000e+01 1.085358712626938171e-11
4.220751579850912094e-04 5.999988937377929688e+01 9.116503559003508173e-12
3.805854357779026031e-04 5.999989318847656250e+01 7.398946906544967561e-12
3.580886987037956715e-04 5.999990844726562500e+01 5.687281375010844187e-12
2.944189473055303097e-04 5.999991989135742188e+01 4.253529820030799158e-12
2.720639167819172144e-04 5.999992752075195312e+01 3.046881974153037298e-12
