2.961357869207859039e-02 9.997614860534667969e+00 0.000000000000000000e+00
1.996472128666937351e-04 9.999984741210937500e+00 0.000000000000000000e+00
1.126066781580448151e-02 9.999124526977539062e+00 0.000000000000000000e+00
1.961765810847282410e-02 9.998446464538574219e+00 0.000000000000000000e+00
1.411182060837745667e-02 9.998868942260742188e+00 0.000000000000000000e+00
4.979848861694335938e-03 9.999601364135742188e+00 0.000000000000000000e+00
1.409195392625406384e-04 9.999989509582519531e+00 0.000000000000000000e+00
1.975374529138207436e-03 9.999843597412109375e+00 0.000000000000000000e+00
7.632225286215543747e-03 9.999397277832031250e+00 0.000000000000000000e+00
1.211509294807910919e-02 9.999032974243164062e+00 0.000000000000000000e+00
1.258852891623973846e-02 9.998981475830078125e+00 0.000000000000000000e+00
9.671291336417198181e-03 9.999250411987304688e+00 0.000000000000000000e+00
5.196330603212118149e-03 9.999593734741210938e+00 0.000000000000000000e+00
1.496604760177433491e-03 9.999883651733398438e+00 0.000000000000000000e+00
3.974110768467653543e-06 1.000000000000000000e+01 0.000000000000000000e+00
1.115244114771485329e-03 9.999913215637207031e+00 0.000000000000000000e+00
4.023708868771791458e-03 9.999684333801269531e+00 0.000000000000000000e+00
7.218838669359683990e-03 9.999437332153320312e+00 0.000000000000000000e+00
9.333421476185321808e-03 9.999274253845214844e+00 0.000000000000000000e+00
9.529393166303634644e-03 9.999237060546875000e+00 0.000000000000000000e+00
8.044296875596046448e-03 9.999353408813476562e+00 0.000000000000000000e+00
5.483535584062337875e-03 9.999556541442871094e+00 0.000000000000000000e+00
2.806033007800579071e-03 9.999775886535644531e+00 0.000000000000000000e+00
7.969540893100202084e-04 9.999938011169433594e+00 0.000000000000000000e+00
3.488080437819007784e-06 1.000000000000000000e+01 0.000000000000000000e+00
5.719615728594362736e-04 9.999953269958496094e+00 0.000000000000000000e+00
2.216566121205687523e-03 9.999823570251464844e+00 0.000000000000000000e+00
4.346988629549741745e-03 9.999658584594726562e+00 0.000000000000000000e+00
6.261222995817661285e-03 9.999502182006835938e+00 0.000000000000000000e+00
7.395699154585599899e-03 9.999414443969726562e+00 0.000000000000000000e+00
7.484488654881715775e-03 9.999401092529296875e+00 0.000000000000000000e+00
6.563533563166856766e-03 9.999483108520507812e+00 0.000000000000000000e+00
4.986501298844814301e-03 9.999605178833007812e+00 0.000000000000000000e+00
3.108652308583259583e-03 9.999755859375000000e+00 0.000000000000000000e+00
1.431657467037439346e-03 9.999887466430664062e+00 0.000000000000000000e+00
3.198366903234273195e-04 9.999975204467773438e+00 0.000000000000000000e+00
7.159510005294578150e-06 1.000000000000000000e+01 0.000000000000000000e+00
5.135376704856753349e-04 9.999960899353027344e+00 0.000000000000000000e+00
1.674437196925282478e-03 9.999868392944335938e+00 0.000000000000000000e+00
3.151857061311602592e-03 9.999751091003417969e+00 0.000000000000000000e+00
4.600625019520521164e-03 9.999635696411132812e+00 0.000000000000000000e+00
5.638375878334045410e-03 9.999546051025390625e+00 0.000000000000000000e+00
6.081999745219945908e-03 9.999518394470214844e+00 0.000000000000000000e+00
5.870793480426073074e-03 9.999527931213378906e+00 0.000000000000000000e+00
5.012915004044771194e-03 9.999608039855957031e+00 0.000000000000000000e+00
3.763771383091807365e-03 9.999702453613281250e+00 0.000000000000000000e+00
2.412361325696110725e-03 9.999809265136718750e+00 0.000000000000000000e+00
1.189667847938835621e-03 9.999905586242675781e+00 0.000000000000000000e+00
3.366682794876396656e-04 9.999973297119140625e+00 0.000000000000000000e+00
2.472241021678200923e-06 1.000000000000000000e+01 0.000000000000000000e+00
2.249772078357636929e-04 9.999981880187988281e+00 0.000000000000000000e+00
9.316720534116029739e-04 9.999925613403320312e+00 0.000000000000000000e+00
1.952075166627764702e-03 9.999845504760742188e+00 0.000000000000000000e+00
3.067150479182600975e-03 9.999752998352050781e+00 0.000000000000000000e+00
4.070899914950132370e-03 9.999675750732421875e+00 0.000000000000000000e+00
4.752257838845252991e-03 9.999623298645019531e+00 0.000000000000000000e+00
4.963560961186885834e-03 9.999603271484375000e+00 0.000000000000000000e+00
4.728404805064201355e-03 9.999627113342285156e+00 0.000000000000000000e+00
4.107325337827205658e-03 9.999683380126953125e+00 0.000000000000000000e+00
3.161268774420022964e-03 9.999748229980468750e+00 0.000000000000000000e+00
2.133615082129836082e-03 9.999827384948730469e+00 0.000000000000000000e+00
1.170967123471200466e-03 9.999905586242675781e+00 0.000000000000000000e+00
4.393456329125910997e-04 9.999965667724609375e+00 0.000000000000000000e+00
4.913153679808601737e-05 9.999996185302734375e+00 0.000000000000000000e+00
4.994083064957521856e-05 9.999996185302734375e+00 0.000000000000000000e+00
4.280443245079368353e-04 9.999965667724609375e+00 0.000000000000000000e+00
1.097148400731384754e-03 9.999913215637207031e+00 0.000000000000000000e+00
1.924165175296366215e-03 9.999847412109375000e+00 0.000000000000000000e+00
2.780413022264838219e-03 9.999774932861328125e+00 0.000000000000000000e+00
3.484842134639620781e-03 9.999721527099609375e+00 0.000000000000000000e+00
3.945862408727407455e-03 9.999681472778320312e+00 0.000000000000000000e+00
4.068935755640268326e-03 9.999670982360839844e+00 0.000000000000000000e+00
3.873995970934629440e-03 9.999687194824218750e+00 0.000000000000000000e+00
3.363422350957989693e-03 9.999727249145507812e+00 0.000000000000000000e+00
2.661743899807333946e-03 9.999785423278808594e+00 0.000000000000000000e+00
1.854186411947011948e-03 9.999849319458007812e+00 0.000000000000000000e+00
1.091131009161472321e-03 9.999913215637207031e+00 0.000000000000000000e+00
4.799544112756848335e-04 9.999960899353027344e+00 0.000000000000000000e+00
9.918274736264720559e-05 9.999991416931152344e+00 0.000000000000000000e+00
4.842100679525174201e-06 1.000000000000000000e+01 0.000000000000000000e+00
1.983031397685408592e-04 9.999984741210937500e+00 0.000000000000000000e+00
6.409173947758972645e-04 9.999948501586914062e+00 0.000000000000000000e+00
1.247068401426076889e-03 9.999902725219726562e+00 0.000000000000000000e+00
1.924864016473293304e-03 9.999847412109375000e+00 0.000000000000000000e+00
2.553927479311823845e-03 9.999797821044921875e+00 0.000000000000000000e+00
3.038255497813224792e-03 9.999757766723632812e+00 0.000000000000000000e+00
3.310415195301175117e-03 9.999732971191406250e+00 0.000000000000000000e+00
3.339255461469292641e-03 9.999728202819824219e+00 0.000000000000000000e+00
3.105286741629242897e-03 9.999752044677734375e+00 0.000000000000000000e+00
2.663800260052084923e-03 9.999792098999023438e+00 0.000000000000000000e+00
2.096860902383923531e-03 9.999832153320312500e+00 0.000000000000000000e+00
1.461784122511744499e-03 9.999886512756347656e+00 0.000000000000000000e+00
8.635539561510086060e-04 9.999931335449218750e+00 0.000000000000000000e+00
3.842375881504267454e-04 9.999969482421875000e+00 0.000000000000000000e+00
8.417144999839365482e-05 9.999992370605468750e+00 0.000000000000000000e+00
2.114565177180338651e-06 1.000000000000000000e+01 0.000000000000000000e+00
1.415523147443309426e-04 9.999989509582519531e+00 0.000000000000000000e+00
4.741401644423604012e-04 9.999961853027343750e+00 0.000000000000000000e+00
9.450700017623603344e-04 9.999924659729003906e+00 0.000000000000000000e+00
1.472340663895010948e-03 9.999881744384765625e+00 0.000000000000000000e+00
2.002873225137591362e-03 9.999838829040527344e+00 0.000000000000000000e+00
2.428027801215648651e-03 9.999799728393554688e+00 0.000000000000000000e+00
2.696868265047669411e-03 9.999776840209960938e+00 0.000000000000000000e+00
2.779884263873100281e-03 9.999776840209960938e+00 0.000000000000000000e+00
2.669961424544453621e-03 9.999781608581542969e+00 0.000000000000000000e+00
2.376308664679527283e-03 9.999810218811035156e+00 0.000000000000000000e+00
1.956237247213721275e-03 9.999845504760742188e+00 0.000000000000000000e+00
1.454976503737270832e-03 9.999881744384765625e+00 0.000000000000000000e+00
9.557264856994152069e-04 9.999923706054687500e+00 0.000000000000000000e+00
5.122954607941210270e-04 9.999958038330078125e+00 0.000000000000000000e+00
1.865261729108169675e-04 9.999985694885253906e+00 0.000000000000000000e+00
1.854570291470736265e-05 9.999999046325683594e+00 0.000000000000000000e+00
2.568596573837567121e-05 9.999998092651367188e+00 0.000000000000000000e+00
2.008628507610410452e-04 9.999982833862304688e+00 0.000000000000000000e+00
5.131835350766777992e-04 9.999958038330078125e+00 0.000000000000000000e+00
9.203087538480758667e-04 9.999924659729003906e+00 0.000000000000000000e+00
1.352037652395665646e-03 9.999889373779296875e+00 0.000000000000000000e+00
1.757425372488796711e-03 9.999862670898437500e+00 0.000000000000000000e+00
2.073215553537011147e-03 9.999833106994628906e+00 0.000000000000000000e+00
2.266001189127564430e-03 9.999814987182617188e+00 0.000000000000000000e+00
2.305675996467471123e-03 9.999816894531250000e+00 0.000000000000000000e+00
2.194238826632499695e-03 9.999822616577148438e+00 0.000000000000000000e+00
1.937570981681346893e-03 9.999842643737792969e+00 0.000000000000000000e+00
1.581314601935446262e-03 9.999874114990234375e+00 0.000000000000000000e+00
1.180325984023511410e-03 9.999908447265625000e+00 0.000000000000000000e+00
7.695099920965731144e-04 9.999938011169433594e+00 0.000000000000000000e+00
4.105791740585118532e-04 9.999966621398925781e+00 0.000000000000000000e+00
1.499572390457615256e-04 9.999988555908203125e+00 0.000000000000000000e+00
1.516128668299643323e-05 9.999999046325683594e+00 0.000000000000000000e+00
2.007938019232824445e-05 9.999999046325683594e+00 0.000000000000000000e+00
1.597867376403883100e-04 9.999986648559570312e+00 0.000000000000000000e+00
4.104540566913783550e-04 9.999966621398925781e+00 0.000000000000000000e+00
7.406115764752030373e-04 9.999940872192382812e+00 0.000000000000000000e+00
1.094323815777897835e-03 9.999910354614257812e+00 0.000000000000000000e+00
1.429381198249757290e-03 9.999881744384765625e+00 0.000000000000000000e+00
1.701835892163217068e-03 9.999864578247070312e+00 0.000000000000000000e+00
1.877921749837696552e-03 9.999845504760742188e+00 0.000000000000000000e+00
1.926355878822505474e-03 9.999843597412109375e+00 0.000000000000000000e+00
1.852479879744350910e-03 9.999845504760742188e+00 0.000000000000000000e+00
1.663823379203677177e-03 9.999865531921386719e+00 0.000000000000000000e+00
1.392207108438014984e-03 9.999889373779296875e+00 0.000000000000000000e+00
1.059977803379297256e-03 9.999914169311523438e+00 0.000000000000000000e+00
7.205965230241417885e-04 9.999940872192382812e+00 0.000000000000000000e+00
4.136376664973795414e-04 9.999966621398925781e+00 0.000000000000000000e+00
1.741958985803648829e-04 9.999985694885253906e+00 0.000000000000000000e+00
3.313146953587420285e-05 9.999998092651367188e+00 0.000000000000000000e+00
3.278017175034619868e-06 1.000000000000000000e+01 0.000000000000000000e+00
8.547348261345177889e-05 9.999992370605468750e+00 0.000000000000000000e+00
2.647262881509959698e-04 9.999979019165039062e+00 0.000000000000000000e+00
5.169741925783455372e-04 9.999958038330078125e+00 0.000000000000000000e+00
8.075392106547951698e-04 9.999935150146484375e+00 0.000000000000000000e+00
1.097123604267835617e-03 9.999912261962890625e+00 0.000000000000000000e+00
1.344682066701352596e-03 9.999894142150878906e+00 0.000000000000000000e+00
1.509938505478203297e-03 9.999879837036132812e+00 0.000000000000000000e+00
1.609135535545647144e-03 9.999871253967285156e+00 0.000000000000000000e+00
1.583256642334163189e-03 9.999870300292968750e+00 0.000000000000000000e+00
1.468008616939187050e-03 9.999880790710449219e+00 0.000000000000000000e+00
1.262436271645128727e-03 9.999898910522460938e+00 0.000000000000000000e+00
1.005450729280710220e-03 9.999917984008789062e+00 0.000000000000000000e+00
7.269511115737259388e-04 9.999942779541015625e+00 0.000000000000000000e+00
4.572568286675959826e-04 9.999962806701660156e+00 0.000000000000000000e+00
2.301987406099215150e-04 9.999981880187988281e+00 0.000000000000000000e+00
7.236023520817980170e-05 9.999994277954101562e+00 0.000000000000000000e+00
2.805252279358683154e-06 1.000000000000000000e+01 0.000000000000000000e+00
2.654330455698072910e-05 9.999998092651367188e+00 0.000000000000000000e+00
1.379132445435971022e-04 9.999988555908203125e+00 0.000000000000000000e+00
3.206740948371589184e-04 9.999973297119140625e+00 0.000000000000000000e+00
5.477257655002176762e-04 9.999956130981445312e+00 0.000000000000000000e+00
7.911779102869331837e-04 9.999937057495117188e+00 0.000000000000000000e+00
1.018037437461316586e-03 9.999915122985839844e+00 0.000000000000000000e+00
1.195529708638787270e-03 9.999902725219726562e+00 0.000000000000000000e+00
1.307175727561116219e-03 9.999891281127929688e+00 0.000000000000000000e+00
1.342904171906411648e-03 9.999894142150878906e+00 0.000000000000000000e+00
1.289099804125726223e-03 9.999895095825195312e+00 0.000000000000000000e+00
1.162976725026965141e-03 9.999906539916992188e+00 0.000000000000000000e+00
9.742356487549841404e-04 9.999918937683105469e+00 0.000000000000000000e+00
7.486859685741364956e-04 9.999938964843750000e+00 0.000000000000000000e+00
5.127293406985700130e-04 9.999958038330078125e+00 0.000000000000000000e+00
2.986113540828227997e-04 9.999975204467773438e+00 0.000000000000000000e+00
1.316846901318058372e-04 9.999989509582519531e+00 0.000000000000000000e+00
2.869452509912662208e-05 9.999998092651367188e+00 0.000000000000000000e+00
7.836214876988378819e-07 1.000000000000000000e+01 0.000000000000000000e+00
4.947987326886504889e-05 9.999996185302734375e+00 0.000000000000000000e+00
1.672850485192611814e-04 9.999986648559570312e+00 0.000000000000000000e+00
3.357580571901053190e-04 9.999972343444824219e+00 0.000000000000000000e+00
5.340275820344686508e-04 9.999958038330078125e+00 0.000000000000000000e+00
7.339533767662942410e-04 9.999941825866699219e+00 0.000000000000000000e+00
9.092740365304052830e-04 9.999928474426269531e+00 0.000000000000000000e+00
1.041620620526373386e-03 9.999914169311523438e+00 0.000000000000000000e+00
1.112462952733039856e-03 9.999910354614257812e+00 0.000000000000000000e+00
1.114178448915481567e-03 9.999910354614257812e+00 0.000000000000000000e+00
1.045026117935776711e-03 9.999915122985839844e+00 0.000000000000000000e+00
9.224040550179779530e-04 9.999925613403320312e+00 0.000000000000000000e+00
7.488435367122292519e-04 9.999938964843750000e+00 0.000000000000000000e+00
5.568311316892504692e-04 9.999956130981445312e+00 0.000000000000000000e+00
3.658104396890848875e-04 9.999970436096191406e+00 0.000000000000000000e+00
1.980648376047611237e-04 9.999982833862304688e+00 0.000000000000000000e+00
7.505293615395203233e-05 9.999994277954101562e+00 0.000000000000000000e+00
9.064127880265004933e-06 9.999999046325683594e+00 0.000000000000000000e+00
7.202029792097164318e-06 1.000000000000000000e+01 0.000000000000000000e+00
6.786741141695529222e-05 9.999994277954101562e+00 0.000000000000000000e+00
1.819096651161089540e-04 9.999985694885253906e+00 0.000000000000000000e+00
3.326794831082224846e-04 9.999972343444824219e+00 0.000000000000000000e+00
4.991335445083677769e-04 9.999958038330078125e+00 0.000000000000000000e+00
6.637104670517146587e-04 9.999944686889648438e+00 0.000000000000000000e+00
8.033255580812692642e-04 9.999934196472167969e+00 0.000000000000000000e+00
9.006171603687107563e-04 9.999927520751953125e+00 0.000000000000000000e+00
9.448764612898230553e-04 9.999922752380371094e+00 0.000000000000000000e+00
9.257905767299234867e-04 9.999925613403320312e+00 0.000000000000000000e+00
8.531350176781415939e-04 9.999929428100585938e+00 0.000000000000000000e+00
7.322646561078727245e-04 9.999938964843750000e+00 0.000000000000000000e+00
5.804769461974501610e-04 9.999953269958496094e+00 0.000000000000000000e+00
4.171312612015753984e-04 9.999966621398925781e+00 0.000000000000000000e+00
2.598568389657884836e-04 9.999979019165039062e+00 0.000000000000000000e+00
1.290160871576517820e-04 9.999989509582519531e+00 0.000000000000000000e+00
3.943477349821478128e-05 9.999996185302734375e+00 0.000000000000000000e+00
1.126704091802821495e-06 1.000000000000000000e+01 0.000000000000000000e+00
1.712743505777325481e-05 9.999999046325683594e+00 0.000000000000000000e+00
8.431119931628927588e-05 9.999992370605468750e+00 0.000000000000000000e+00
1.929579739226028323e-04 9.999984741210937500e+00 0.000000000000000000e+00
3.255714836996048689e-04 9.999973297119140625e+00 0.000000000000000000e+00
4.668722685892134905e-04 9.999961853027343750e+00 0.000000000000000000e+00
6.025076727382838726e-04 9.999950408935546875e+00 0.000000000000000000e+00
7.100785733200609684e-04 9.999941825866699219e+00 0.000000000000000000e+00
7.787240319885313511e-04 9.999937057495117188e+00 0.000000000000000000e+00
7.936664042063057423e-04 9.999934196472167969e+00 0.000000000000000000e+00
7.603818667121231556e-04 9.999940872192382812e+00 0.000000000000000000e+00
6.883355090394616127e-04 9.999943733215332031e+00 0.000000000000000000e+00
5.747933755628764629e-04 9.999953269958496094e+00 0.000000000000000000e+00
4.418678872752934694e-04 9.999963760375976562e+00 0.000000000000000000e+00
3.042800235562026501e-04 9.999975204467773438e+00 0.000000000000000000e+00
1.783315092325210571e-04 9.999985694885253906e+00 0.000000000000000000e+00
7.787706272210925817e-05 9.999994277954101562e+00 0.000000000000000000e+00
1.691385477897711098e-05 9.999999046325683594e+00 0.000000000000000000e+00
4.898059273727994878e-07 1.000000000000000000e+01 0.000000000000000000e+00
2.961215614050161093e-05 9.999998092651367188e+00 0.000000000000000000e+00
9.950464300345629454e-05 9.999991416931152344e+00 0.000000000000000000e+00
1.999448286369442940e-04 9.999984741210937500e+00 0.000000000000000000e+00
3.181806532666087151e-04 9.999973297119140625e+00 0.000000000000000000e+00
4.371454706415534019e-04 9.999962806701660156e+00 0.000000000000000000e+00
5.420055240392684937e-04 9.999956130981445312e+00 0.000000000000000000e+00
6.243237294256687164e-04 9.999948501586914062e+00 0.000000000000000000e+00
6.636828184127807617e-04 9.999944686889648438e+00 0.000000000000000000e+00
6.675029871985316277e-04 9.999946594238281250e+00 0.000000000000000000e+00
6.247455021366477013e-04 9.999950408935546875e+00 0.000000000000000000e+00
5.463937413878738880e-04 9.999956130981445312e+00 0.000000000000000000e+00
4.421591002028435469e-04 9.999963760375976562e+00 0.000000000000000000e+00
3.259923541918396950e-04 9.999973297119140625e+00 0.000000000000000000e+00
2.112734946422278881e-04 9.999982833862304688e+00 0.000000000000000000e+00
1.118519576266407967e-04 9.999990463256835938e+00 0.000000000000000000e+00
4.007279130746610463e-05 9.999996185302734375e+00 0.000000000000000000e+00
3.660659103843499906e-06 1.000000000000000000e+01 0.000000000000000000e+00
6.362609838106436655e-06 1.000000000000000000e+01 0.000000000000000000e+00
4.658097896026447415e-05 9.999996185302734375e+00 0.000000000000000000e+00
1.189019603771157563e-04 9.999990463256835938e+00 0.000000000000000000e+00
2.118107222486287355e-04 9.999982833862304688e+00 0.000000000000000000e+00
3.134170256089419127e-04 9.999973297119140625e+00 0.000000000000000000e+00
4.131790483370423317e-04 9.999966621398925781e+00 0.000000000000000000e+00
4.937225603498518467e-04 9.999959945678710938e+00 0.000000000000000000e+00
5.448540323413908482e-04 9.999954223632812500e+00 0.000000000000000000e+00
5.669341189786791801e-04 9.999954223632812500e+00 0.000000000000000000e+00
5.496105877682566643e-04 9.999956130981445312e+00 0.000000000000000000e+00
5.005766870453953743e-04 9.999959945678710938e+00 0.000000000000000000e+00
4.237538960296660662e-04 9.999965667724609375e+00 0.000000000000000000e+00
3.291155444458127022e-04 9.999973297119140625e+00 0.000000000000000000e+00
2.292378921993076801e-04 9.999980926513671875e+00 0.000000000000000000e+00
1.363837654935196042e-04 9.999989509582519531e+00 0.000000000000000000e+00
6.186284008435904980e-05 9.999995231628417969e+00 0.000000000000000000e+00
1.479811999161029235e-05 9.999999046325683594e+00 0.000000000000000000e+00
6.544012620679495740e-08 1.000000000000000000e+01 0.000000000000000000e+00
1.862547287601046264e-05 9.999999046325683594e+00 0.000000000000000000e+00
6.728899461450055242e-05 9.999994277954101562e+00 0.000000000000000000e+00
1.387578377034515142e-04 9.999989509582519531e+00 0.000000000000000000e+00
2.239211171399801970e-04 9.999981880187988281e+00 0.000000000000000000e+00
3.114774881396442652e-04 9.999975204467773438e+00 0.000000000000000000e+00
3.881107259076088667e-04 9.999969482421875000e+00 0.000000000000000000e+00
4.447671526577323675e-04 9.999962806701660156e+00 0.000000000000000000e+00
4.754253604914993048e-04 9.999961853027343750e+00 0.000000000000000000e+00
4.751594096887856722e-04 9.999960899353027344e+00 0.000000000000000000e+00
4.431217384990304708e-04 9.999963760375976562e+00 0.000000000000000000e+00
3.875966940540820360e-04 9.999969482421875000e+00 0.000000000000000000e+00
3.124498471152037382e-04 9.999973297119140625e+00 0.000000000000000000e+00
2.271355624543502927e-04 9.999980926513671875e+00 0.000000000000000000e+00
1.453477889299392700e-04 9.999988555908203125e+00 0.000000000000000000e+00
7.550272130174562335e-05 9.999994277954101562e+00 0.000000000000000000e+00
2.533499355195090175e-05 9.999998092651367188e+00 0.000000000000000000e+00
1.559955876473395620e-06 1.000000000000000000e+01 0.000000000000000000e+00
6.447213309002108872e-06 1.000000000000000000e+01 0.000000000000000000e+00
3.857149567920714617e-05 9.999996185302734375e+00 0.000000000000000000e+00
9.270341979572549462e-05 9.999992370605468750e+00 0.000000000000000000e+00
1.620647090021520853e-04 9.999986648559570312e+00 0.000000000000000000e+00
2.363560051890090108e-04 9.999980926513671875e+00 0.000000000000000000e+00
3.067830693908035755e-04 9.999975204467773438e+00 0.000000000000000000e+00
3.617343027144670486e-04 9.999970436096191406e+00 0.000000000000000000e+00
3.958953893743455410e-04 9.999966621398925781e+00 0.000000000000000000e+00
4.044956585858017206e-04 9.999966621398925781e+00 0.000000000000000000e+00
3.864810569211840630e-04 9.999967575073242188e+00 0.000000000000000000e+00
3.443774767220020294e-04 9.999971389770507812e+00 0.000000000000000000e+00
2.862420515157282352e-04 9.999976158142089844e+00 0.000000000000000000e+00
2.154123940272256732e-04 9.999981880187988281e+00 0.000000000000000000e+00
1.443836517864838243e-04 9.999988555908203125e+00 0.000000000000000000e+00
8.005456766113638878e-05 9.999992370605468750e+00 0.000000000000000000e+00
3.143227149848826230e-05 9.999998092651367188e+00 0.000000000000000000e+00
4.573303613142343238e-06 1.000000000000000000e+01 0.000000000000000000e+00
1.906520424199698027e-06 1.000000000000000000e+01 0.000000000000000000e+00
2.321119609405286610e-05 9.999998092651367188e+00 0.000000000000000000e+00
6.509880768135190010e-05 9.999995231628417969e+00 0.000000000000000000e+00
1.214119183714501560e-04 9.999989509582519531e+00 0.000000000000000000e+00
1.850864500738680363e-04 9.999984741210937500e+00 0.000000000000000000e+00
2.459675015415996313e-04 9.999979972839355469e+00 0.000000000000000000e+00
2.963735896628350019e-04 9.999975204467773438e+00 0.000000000000000000e+00
3.313168708700686693e-04 9.999972343444824219e+00 0.000000000000000000e+00
3.432805533520877361e-04 9.999972343444824219e+00 0.000000000000000000e+00
3.338149399496614933e-04 9.999972343444824219e+00 0.000000000000000000e+00
3.020910662598907948e-04 9.999975204467773438e+00 0.000000000000000000e+00
2.530264609958976507e-04 9.999979019165039062e+00 0.000000000000000000e+00
1.941988593898713589e-04 9.999984741210937500e+00 0.000000000000000000e+00
1.328216021647676826e-04 9.999989509582519531e+00 0.000000000000000000e+00
7.665440352866426110e-05 9.999994277954101562e+00 0.000000000000000000e+00
3.262915925006382167e-05 9.999998092651367188e+00 0.000000000000000000e+00
6.196671620273264125e-06 1.000000000000000000e+01 0.000000000000000000e+00
6.085654149501351640e-07 1.000000000000000000e+01 0.000000000000000000e+00
1.591803084011189640e-05 9.999999046325683594e+00 0.000000000000000000e+00
4.957469354849308729e-05 9.999996185302734375e+00 0.000000000000000000e+00
9.612724534235894680e-05 9.999991416931152344e+00 0.000000000000000000e+00
1.494961470598354936e-04 9.999988555908203125e+00 0.000000000000000000e+00
2.027059235842898488e-04 9.999982833862304688e+00 0.000000000000000000e+00
2.477646630723029375e-04 9.999979972839355469e+00 0.000000000000000000e+00
2.787808771245181561e-04 9.999977111816406250e+00 0.000000000000000000e+00
2.911396441049873829e-04 9.999976158142089844e+00 0.000000000000000000e+00
2.842453832272440195e-04 9.999977111816406250e+00 0.000000000000000000e+00
2.589222567621618509e-04 9.999979019165039062e+00 0.000000000000000000e+00
2.190535597037523985e-04 9.999981880187988281e+00 0.000000000000000000e+00
1.695648825261741877e-04 9.999985694885253906e+00 0.000000000000000000e+00
1.166450456366874278e-04 9.999990463256835938e+00 0.000000000000000000e+00
6.771877087885513902e-05 9.999994277954101562e+00 0.000000000000000000e+00
2.928901449195109308e-05 9.999998092651367188e+00 0.000000000000000000e+00
5.860311830474529415e-06 1.000000000000000000e+01 0.000000000000000000e+00
3.749664188035239931e-07 1.000000000000000000e+01 0.000000000000000000e+00
1.292932574870064855e-05 9.999999046325683594e+00 0.000000000000000000e+00
4.164365964243188500e-05 9.999996185302734375e+00 0.000000000000000000e+00
8.150625217240303755e-05 9.999992370605468750e+00 0.000000000000000000e+00
1.274252572329714894e-04 9.999989509582519531e+00 0.000000000000000000e+00
1.728669158183038235e-04 9.999985694885253906e+00 0.000000000000000000e+00
2.112816582666710019e-04 9.999981880187988281e+00 0.000000000000000000e+00
2.369889698456972837e-04 9.999979972839355469e+00 0.000000000000000000e+00
2.475164656061679125e-04 9.999979972839355469e+00 0.000000000000000000e+00
2.410517336102202535e-04 9.999979972839355469e+00 0.000000000000000000e+00
2.187430509366095066e-04 9.999981880187988281e+00 0.000000000000000000e+00
1.842273341026157141e-04 9.999984741210937500e+00 0.000000000000000000e+00
1.409520336892455816e-04 9.999989509582519531e+00 0.000000000000000000e+00
9.584487997926771641e-05 9.999991416931152344e+00 0.000000000000000000e+00
5.449801756185479462e-05 9.999995231628417969e+00 0.000000000000000000e+00
2.258415224787313491e-05 9.999998092651367188e+00 0.000000000000000000e+00
3.875273705489234999e-06 1.000000000000000000e+01 0.000000000000000000e+00
7.347264840973366518e-07 1.000000000000000000e+01 0.000000000000000000e+00
1.316362067882437259e-05 9.999999046325683594e+00 0.000000000000000000e+00
3.890294829034246504e-05 9.999996185302734375e+00 0.000000000000000000e+00
7.435589941451326013e-05 9.999994277954101562e+00 0.000000000000000000e+00
1.137401341111399233e-04 9.999990463256835938e+00 0.000000000000000000e+00
1.525887782918289304e-04 9.999986648559570312e+00 0.000000000000000000e+00
1.840940967667847872e-04 9.999984741210937500e+00 0.000000000000000000e+00
2.048263268079608679e-04 9.999982833862304688e+00 0.000000000000000000e+00
2.109963825205340981e-04 9.999981880187988281e+00 0.000000000000000000e+00
2.037987433141097426e-04 9.999982833862304688e+00 0.000000000000000000e+00
1.815120485844090581e-04 9.999984741210937500e+00 0.000000000000000000e+00
1.495728647569194436e-04 9.999988555908203125e+00 0.000000000000000000e+00
1.123472029576078057e-04 9.999990463256835938e+00 0.000000000000000000e+00
7.383389311144128442e-05 9.999994277954101562e+00 0.000000000000000000e+00
3.975820072810165584e-05 9.999996185302734375e+00 0.000000000000000000e+00
1.440185951651073992e-05 9.999999046325683594e+00 0.000000000000000000e+00
1.424798142579675186e-06 1.000000000000000000e+01 0.000000000000000000e+00
2.049613840426900424e-06 1.000000000000000000e+01 0.000000000000000000e+00
1.582050026627257466e-05 9.999999046325683594e+00 0.000000000000000000e+00
4.061111758346669376e-05 9.999996185302734375e+00 0.000000000000000000e+00
7.236147939693182707e-05 9.999994277954101562e+00 0.000000000000000000e+00
1.067050834535621107e-04 9.999991416931152344e+00 0.000000000000000000e+00
1.389604440191760659e-04 9.999988555908203125e+00 0.000000000000000000e+00
1.635327498661354184e-04 9.999986648559570312e+00 0.000000000000000000e+00
1.781687606126070023e-04 9.999984741210937500e+00 0.000000000000000000e+00
1.793951960280537605e-04 9.999984741210937500e+00 0.000000000000000000e+00
1.692982477834448218e-04 9.999985694885253906e+00 0.000000000000000000e+00
1.468881964683532715e-04 9.999988555908203125e+00 0.000000000000000000e+00
1.175447687273845077e-04 9.999990463256835938e+00 0.000000000000000000e+00
8.379943756153807044e-05 9.999992370605468750e+00 0.000000000000000000e+00
5.171923476154915988e-05 9.999995231628417969e+00 0.000000000000000000e+00
2.479571776348166168e-05 9.999998092651367188e+00 0.000000000000000000e+00
6.784285233152331784e-06 1.000000000000000000e+01 0.000000000000000000e+00
2.538528320883415290e-08 1.000000000000000000e+01 0.000000000000000000e+00
5.180770585866412148e-06 1.000000000000000000e+01 0.000000000000000000e+00
2.118856355082243681e-05 9.999999046325683594e+00 0.000000000000000000e+00
4.536571577773429453e-05 9.999996185302734375e+00 0.000000000000000000e+00
7.416454172926023602e-05 9.999994277954101562e+00 0.000000000000000000e+00
1.031438150675967336e-04 9.999991416931152344e+00 0.000000000000000000e+00
1.296960690524429083e-04 9.999989509582519531e+00 0.000000000000000000e+00
1.462380605516955256e-04 9.999988555908203125e+00 0.000000000000000000e+00
1.538965298095718026e-04 9.999986648559570312e+00 0.000000000000000000e+00
1.506851403973996639e-04 9.999988555908203125e+00 0.000000000000000000e+00
1.368311932310461998e-04 9.999989509582519531e+00 0.000000000000000000e+00
1.136215651058591902e-04 9.999990463256835938e+00 0.000000000000000000e+00
8.622286986792460084e-05 9.999992370605468750e+00 0.000000000000000000e+00
5.755937309004366398e-05 9.999995231628417969e+00 0.000000000000000000e+00
3.144387301290407777e-05 9.999998092651367188e+00 0.000000000000000000e+00
1.199297639686847106e-05 9.999999046325683594e+00 0.000000000000000000e+00
1.463871967644081451e-06 1.000000000000000000e+01 0.000000000000000000e+00
1.161572640739905182e-06 1.000000000000000000e+01 0.000000000000000000e+00
1.088429144147085026e-05 9.999999046325683594e+00 0.000000000000000000e+00
2.898369166359771043e-05 9.999998092651367188e+00 0.000000000000000000e+00
5.235712160356342793e-05 9.999995231628417969e+00 0.000000000000000000e+00
7.787255890434607863e-05 9.999994277954101562e+00 0.000000000000000000e+00
1.014883309835568070e-04 9.999991416931152344e+00 0.000000000000000000e+00
1.203058345708996058e-04 9.999990463256835938e+00 0.000000000000000000e+00
1.302561868214979768e-04 9.999989509582519531e+00 0.000000000000000000e+00
1.306297344854101539e-04 9.999989509582519531e+00 0.000000000000000000e+00
1.222348801093176007e-04 9.999989509582519531e+00 0.000000000000000000e+00
1.056777400663122535e-04 9.999991416931152344e+00 0.000000000000000000e+00
8.267194789368659258e-05 9.999992370605468750e+00 0.000000000000000000e+00
5.846771819051355124e-05 9.999995231628417969e+00 0.000000000000000000e+00
3.461133019300177693e-05 9.999998092651367188e+00 0.000000000000000000e+00
1.536605850560590625e-05 9.999999046325683594e+00 0.000000000000000000e+00
3.369375917827710509e-06 1.000000000000000000e+01 0.000000000000000000e+00
9.066998529760894598e-08 1.000000000000000000e+01 0.000000000000000000e+00
5.776445959781995043e-06 1.000000000000000000e+01 0.000000000000000000e+00
1.934421379701234400e-05 9.999999046325683594e+00 0.000000000000000000e+00
3.850233770208433270e-05 9.999996185302734375e+00 0.000000000000000000e+00
6.051837044651620090e-05 9.999995231628417969e+00 0.000000000000000000e+00
8.184164471458643675e-05 9.999992370605468750e+00 0.000000000000000000e+00
9.914739348459988832e-05 9.999991416931152344e+00 0.000000000000000000e+00
1.095739426091313362e-04 9.999990463256835938e+00 0.000000000000000000e+00
1.124908885685727000e-04 9.999990463256835938e+00 0.000000000000000000e+00
1.074661558959633112e-04 9.999991416931152344e+00 0.000000000000000000e+00
9.508630319032818079e-05 9.999991416931152344e+00 0.000000000000000000e+00
7.576748612336814404e-05 9.999994277954101562e+00 0.000000000000000000e+00
5.463369961944408715e-05 9.999995231628417969e+00 0.000000000000000000e+00
3.372244827914983034e-05 9.999998092651367188e+00 0.000000000000000000e+00
1.616286499483976513e-05 9.999999046325683594e+00 0.000000000000000000e+00
4.334022378316149116e-06 1.000000000000000000e+01 0.000000000000000000e+00
1.018867212820850909e-08 1.000000000000000000e+01 0.000000000000000000e+00
3.547650067048380151e-06 1.000000000000000000e+01 0.000000000000000000e+00
1.418883584847208112e-05 9.999999046325683594e+00 0.000000000000000000e+00
3.019523865077644587e-05 9.999998092651367188e+00 0.000000000000000000e+00
4.900880230707116425e-05 9.999996185302734375e+00 0.000000000000000000e+00
6.765699799871072173e-05 9.999994277954101562e+00 0.000000000000000000e+00
8.338076440850272775e-05 9.999992370605468750e+00 0.000000000000000000e+00
9.359318937640637159e-05 9.999991416931152344e+00 0.000000000000000000e+00
9.738285007188096642e-05 9.999991416931152344e+00 0.000000000000000000e+00
9.300050442107021809e-05 9.999992370605468750e+00 0.000000000000000000e+00
8.248306403402239084e-05 9.999992370605468750e+00 0.000000000000000000e+00
6.693002796964719892e-05 9.999994277954101562e+00 0.000000000000000000e+00
4.841198460781015456e-05 9.999996185302734375e+00 0.000000000000000000e+00
3.022317287104669958e-05 9.999998092651367188e+00 0.000000000000000000e+00
1.461843294237041846e-05 9.999999046325683594e+00 0.000000000000000000e+00
4.091587925358908251e-06 1.000000000000000000e+01 0.000000000000000000e+00
2.722849856695574999e-08 1.000000000000000000e+01 0.000000000000000000e+00
2.847780933734611608e-06 1.000000000000000000e+01 0.000000000000000000e+00
1.195512231788598001e-05 9.999999046325683594e+00 0.000000000000000000e+00
2.572812809376046062e-05 9.999998092651367188e+00 0.000000000000000000e+00
4.201150659355334938e-05 9.999996185302734375e+00 0.000000000000000000e+00
5.837692151544615626e-05 9.999995231628417969e+00 0.000000000000000000e+00
7.171567267505452037e-05 9.999994277954101562e+00 0.000000000000000000e+00
8.059434185270220041e-05 9.999992370605468750e+00 0.000000000000000000e+00
8.338695624843239784e-05 9.999992370605468750e+00 0.000000000000000000e+00
7.977315544849261642e-05 9.999992370605468750e+00 0.000000000000000000e+00
7.055310561554506421e-05 9.999994277954101562e+00 0.000000000000000000e+00
5.677090666722506285e-05 9.999995231628417969e+00 0.000000000000000000e+00
4.078400525031611323e-05 9.999996185302734375e+00 0.000000000000000000e+00
2.492479688953608274e-05 9.999998092651367188e+00 0.000000000000000000e+00
1.177876401925459504e-05 9.999999046325683594e+00 0.000000000000000000e+00
3.057105914194835350e-06 1.000000000000000000e+01 0.000000000000000000e+00
9.956711011227525887e-10 1.000000000000000000e+01 0.000000000000000000e+00
2.972288484670571052e-06 1.000000000000000000e+01 0.000000000000000000e+00
1.137091567215975374e-05 9.999999046325683594e+00 0.000000000000000000e+00
2.366391890973318368e-05 9.999998092651367188e+00 0.000000000000000000e+00
3.796424789470620453e-05 9.999996185302734375e+00 0.000000000000000000e+00
5.187231363379396498e-05 9.999995231628417969e+00 0.000000000000000000e+00
6.308234151219949126e-05 9.999995231628417969e+00 0.000000000000000000e+00
7.015291339484974742e-05 9.999994277954101562e+00 0.000000000000000000e+00
7.152468606363981962e-05 9.999994277954101562e+00 0.000000000000000000e+00
6.766913429601117969e-05 9.999994277954101562e+00 0.000000000000000000e+00
5.866255378350615501e-05 9.999995231628417969e+00 0.000000000000000000e+00
4.647451351047493517e-05 9.999996185302734375e+00 0.000000000000000000e+00
3.239593206671997905e-05 9.999998092651367188e+00 0.000000000000000000e+00
1.887870348582509905e-05 9.999999046325683594e+00 0.000000000000000000e+00
8.146246727847028524e-06 9.999999046325683594e+00 0.000000000000000000e+00
1.582520212650706526e-06 1.000000000000000000e+01 0.000000000000000000e+00
1.424536435479240026e-07 1.000000000000000000e+01 0.000000000000000000e+00
3.911506610165815800e-06 1.000000000000000000e+01 0.000000000000000000e+00
1.214560779772000387e-05 9.999999046325683594e+00 0.000000000000000000e+00
2.335763565497472882e-05 9.999998092651367188e+00 0.000000000000000000e+00
3.603122604545205832e-05 9.999998092651367188e+00 0.000000000000000000e+00
4.760124647873453796e-05 9.999996185302734375e+00 0.000000000000000000e+00
5.663339834427461028e-05 9.999995231628417969e+00 0.000000000000000000e+00
6.132188718765974045e-05 9.999995231628417969e+00 0.000000000000000000e+00
6.107590888859704137e-05 9.999995231628417969e+00 0.000000000000000000e+00
5.645315832225605845e-05 9.999995231628417969e+00 0.000000000000000000e+00
4.747007551486603916e-05 9.999996185302734375e+00 0.000000000000000000e+00
3.596663373173214495e-05 9.999996185302734375e+00 0.000000000000000000e+00
2.371523260080721229e-05 9.999998092651367188e+00 0.000000000000000000e+00
1.273328234674409032e-05 9.999999046325683594e+00 0.000000000000000000e+00
4.546460786514217034e-06 1.000000000000000000e+01 0.000000000000000000e+00
