7.210520561784505844e-05 2.849999755859375000e+03 2.264576465802262129e-14
1.778000296326354146e-04 2.849999511718750000e+03 1.518236762438479603e-13
3.161813074257224798e-04 2.849999023437500000e+03 4.973023403666287923e-13
5.087198223918676376e-04 2.849998535156250000e+03 1.310677911689483999e-12
6.826794124208390713e-04 2.849998291015625000e+03 2.638192615755929893e-12
8.941428386606276035e-04 2.849997802734375000e+03 4.373881899027987075e-12
1.158196595497429371e-03 2.849996826171875000e+03 7.672721832885365245e-12
1.438977662473917007e-03 2.849996093750000000e+03 1.174835836253995680e-11
1.743964268825948238e-03 2.849995361328125000e+03 1.827352158478845467e-11
2.122371457517147064e-03 2.849994140625000000e+03 2.735829791877808503e-11
2.515773754566907883e-03 2.849993164062500000e+03 3.647960405972483500e-11
2.895808545872569084e-03 2.849991943359375000e+03 5.043200232424105423e-11
3.389891935512423515e-03 2.849990966796875000e+03 6.952223519096634163e-11
3.826204687356948853e-03 2.849989501953125000e+03 9.111376930714953915e-11
4.379444755613803864e-03 2.849988281250000000e+03 1.091190193758251326e-10
4.753322806209325790e-03 2.849986816406250000e+03 1.412379657672602207e-10
5.419982131570577621e-03 2.849984619140625000e+03 1.758467538248709161e-10
5.942020565271377563e-03 2.849983154296875000e+03 2.143247246344515133e-10
6.668770220130681992e-03 2.849980957031250000e+03 2.722900238616432489e-10
7.048325147479772568e-03 2.849979492187500000e+03 3.095229073046823487e-10
7.872792892158031464e-03 2.849977539062500000e+03 3.991669772496209134e-10
8.498652838170528412e-03 2.849976074218750000e+03 4.607033643466706962e-10
9.190287441015243530e-03 2.849973144531250000e+03 5.342321029999652637e-10
9.869965724647045135e-03 2.849971191406250000e+03 6.386646766998183011e-10
1.083771232515573502e-02 2.849969238281250000e+03 7.638474297522179768e-10
1.166230533272027969e-02 2.849967041015625000e+03 8.522688110801368566e-10
1.265918184071779251e-02 2.849963378906250000e+03 9.980990478553053435e-10
1.338587887585163116e-02 2.849962402343750000e+03 1.143964145633447060e-09
1.424450799822807312e-02 2.849958007812500000e+03 1.329290899576562879e-09
1.548393070697784424e-02 2.849956054687500000e+03 1.569244290067217662e-09
1.664381474256515503e-02 2.849951171875000000e+03 1.805099403284771142e-09
1.759680360555648804e-02 2.849948730468750000e+03 1.853144304675424792e-09
1.856810040771961212e-02 2.849946044921875000e+03 2.282249278451331520e-09
1.972210034728050232e-02 2.849943847656250000e+03 2.392098741310633159e-09
2.120246924459934235e-02 2.849940185546875000e+03 2.804537491130076887e-09
2.215036936104297638e-02 2.849938720703125000e+03 2.970013346370592444e-09
2.298408001661300659e-02 2.849932861328125000e+03 3.639435197655416232e-09
2.459156885743141174e-02 2.849928955078125000e+03 3.674897719463388057e-09
2.594428136944770813e-02 2.849925781250000000e+03 4.162983735511716077e-09
2.712916396558284760e-02 2.849923095703125000e+03 5.330154095872785547e-09
2.919604256749153137e-02 2.849919921875000000e+03 5.333519847994239171e-09
2.986426465213298798e-02 2.849915771484375000e+03 5.618852938482632453e-09
3.270870819687843323e-02 2.849909423828125000e+03 6.402935071037063608e-09
3.349241241812705994e-02 2.849904296875000000e+03 7.213480923695669844e-09
3.475258871912956238e-02 2.849901367187500000e+03 7.499208365402409981e-09
3.682623058557510376e-02 2.849898925781250000e+03 8.446173538345647103e-09
3.831999748945236206e-02 2.849888916015625000e+03 8.986660304799443111e-09
4.022073745727539062e-02 2.849887207031250000e+03 1.043905850650617140e-08
4.319106042385101318e-02 2.849881347656250000e+03 1.115085357383804876e-08
4.359867423772811890e-02 2.849875488281250000e+03 1.175360786476176145e-08
4.596507176756858826e-02 2.849872314453125000e+03 1.358908541249093105e-08
4.805778712034225464e-02 2.849868164062500000e+03 1.337340904683514964e-08
4.984729737043380737e-02 2.849858398437500000e+03 1.406208482990223274e-08
5.303782224655151367e-02 2.849857910156250000e+03 1.650862735402824910e-08
5.327100306749343872e-02 2.849850585937500000e+03 1.711194563824847137e-08
5.638992786407470703e-02 2.849847900390625000e+03 2.045887192991813208e-08
5.806059390306472778e-02 2.849842529296875000e+03 2.057761072649100242e-08
5.998989567160606384e-02 2.849835205078125000e+03 2.234497387121336942e-08
6.143347918987274170e-02 2.849837890625000000e+03 2.364938112009440374e-08
6.446444988250732422e-02 2.849832031250000000e+03 2.583771774311571789e-08
6.722275912761688232e-02 2.849815673828125000e+03 2.669891863149587152e-08
6.970243155956268311e-02 2.849821777343750000e+03 3.085773059297025611e-08
7.236839830875396729e-02 2.849803222656250000e+03 3.036910101172907162e-08
7.698883861303329468e-02 2.849802490234375000e+03 3.326992725760646863e-08
7.666016370058059692e-02 2.849798828125000000e+03 3.417805061189937987e-08
8.135646581649780273e-02 2.849788085937500000e+03 3.920272106938682555e-08
8.042953908443450928e-02 2.849784179687500000e+03 4.027420885677202023e-08
8.376046270132064819e-02 2.849778076171875000e+03 4.192351354959100718e-08
8.778373897075653076e-02 2.849766357421875000e+03 4.724114077703234216e-08
8.985945582389831543e-02 2.849763916015625000e+03 4.752997995183250168e-08
9.191905707120895386e-02 2.849762939453125000e+03 4.874751269312582735e-08
9.535934031009674072e-02 2.849745605468750000e+03 5.098210920095880283e-08
9.785441309213638306e-02 2.849743652343750000e+03 5.840771422072066343e-08
1.002583354711532593e-01 2.849739501953125000e+03 5.634303690271735832e-08
1.074648499488830566e-01 2.849725097656250000e+03 6.622899917374525103e-08
1.091155558824539185e-01 2.849724121093750000e+03 6.548201270106801530e-08
1.099042445421218872e-01 2.849711914062500000e+03 7.005134960991199478e-08
1.150777861475944519e-01 2.849700683593750000e+03 7.391705736381481984e-08
1.186524257063865662e-01 2.849702148437500000e+03 8.136218099252801039e-08
1.240052431821823120e-01 2.849687988281250000e+03 8.364060732901634765e-08
1.262938529253005981e-01 2.849695556640625000e+03 8.255371142240619520e-08
1.283142119646072388e-01 2.849674316406250000e+03 9.170044990014503128e-08
1.307624429464340210e-01 2.849662597656250000e+03 9.237019327201778651e-08
1.374808847904205322e-01 2.849646484375000000e+03 9.985684101820879732e-08
1.391313672065734863e-01 2.849646240234375000e+03 1.092256098900179495e-07
1.403523236513137817e-01 2.849653564453125000e+03 1.108912712766141340e-07
1.471384912729263306e-01 2.849633056640625000e+03 1.230134643037672504e-07
1.502386480569839478e-01 2.849622558593750000e+03 1.167090886156074703e-07
1.529694646596908569e-01 2.849624023437500000e+03 1.349105218650947791e-07
1.598075032234191895e-01 2.849592773437500000e+03 1.327740619672113098e-07
1.655491292476654053e-01 2.849597656250000000e+03 1.456006799571696320e-07
1.662168502807617188e-01 2.849588134765625000e+03 1.578531652057790780e-07
1.738392561674118042e-01 2.849594970703125000e+03 1.600395194145676214e-07
1.755031347274780273e-01 2.849562744140625000e+03 1.592513285686436575e-07
1.782736480236053467e-01 2.849561035156250000e+03 1.580276318691176130e-07
1.843749582767486572e-01 2.849543945312500000e+03 1.883439892935712123e-07
1.846736669540405273e-01 2.849539306640625000e+03 1.884613993752282113e-07
1.899416893720626831e-01 2.849531250000000000e+03 2.021653244810295291e-07
1.959574371576309204e-01 2.849518066406250000e+03 2.098672524653011351e-07
2.023537904024124146e-01 2.849508544921875000e+03 1.992438285469688708e-07
2.030751109123229980e-01 2.849505371093750000e+03 2.149340616597328335e-07
2.067153453826904297e-01 2.849489257812500000e+03 2.293427598942798795e-07
2.186180949211120605e-01 2.849474121093750000e+03 2.434808266116306186e-07
2.224785983562469482e-01 2.849481933593750000e+03 2.593403678474714980e-07
2.295653522014617920e-01 2.849451416015625000e+03 2.714998572628246620e-07
2.292316555976867676e-01 2.849449218750000000e+03 2.874676283681765199e-07
2.300679385662078857e-01 2.849427734375000000e+03 2.855857701433706097e-07
2.341190576553344727e-01 2.849413330078125000e+03 2.903373399476549821e-07
2.343734353780746460e-01 2.849408447265625000e+03 3.042016771814815002e-07
2.461123615503311157e-01 2.849393310546875000e+03 3.126052661173162051e-07
2.569226026535034180e-01 2.849393066406250000e+03 3.484424269117880613e-07
2.585933208465576172e-01 2.849368164062500000e+03 3.197122566689358791e-07
2.691572606563568115e-01 2.849364990234375000e+03 3.618231971813656855e-07
2.665011286735534668e-01 2.849328857421875000e+03 3.830047035080497153e-07
2.769847810268402100e-01 2.849324218750000000e+03 4.066524184054287616e-07
2.843148708343505859e-01 2.849337158203125000e+03 3.988276375821442343e-07
2.780734002590179443e-01 2.849332275390625000e+03 4.276234335520712193e-07
2.881056070327758789e-01 2.849300537109375000e+03 4.472807972888404038e-07
3.063009083271026611e-01 2.849286865234375000e+03 4.653400651477568317e-07
3.021049499511718750e-01 2.849271484375000000e+03 4.796686425834195688e-07
3.123181462287902832e-01 2.849277587890625000e+03 4.732019647235574666e-07
3.127063214778900146e-01 2.849250244140625000e+03 5.253865538179525174e-07
3.181486427783966064e-01 2.849216308593750000e+03 5.497830670719849877e-07
3.239780962467193604e-01 2.849228027343750000e+03 5.615571581074618734e-07
3.353480398654937744e-01 2.849211425781250000e+03 5.618209684143948834e-07
3.412399888038635254e-01 2.849178710937500000e+03 6.033479849065770395e-07
3.561741113662719727e-01 2.849172851562500000e+03 6.115681117080384865e-07
3.578674197196960449e-01 2.849174072265625000e+03 6.070991389606206212e-07
3.520613908767700195e-01 2.849139648437500000e+03 6.449673151109891478e-07
3.611898720264434814e-01 2.849152099609375000e+03 6.208591685208375566e-07
3.711767792701721191e-01 2.849094726562500000e+03 6.722946181980660185e-07
3.702859878540039062e-01 2.849117431640625000e+03 7.536239081673556939e-07
3.834089636802673340e-01 2.849096923828125000e+03 6.997071295700152405e-07
3.837528824806213379e-01 2.849099609375000000e+03 7.798864771757507697e-07
3.907274901866912842e-01 2.849037353515625000e+03 7.761888696222740691e-07
4.050311148166656494e-01 2.849072509765625000e+03 7.794268412908422761e-07
4.056090116500854492e-01 2.848998046875000000e+03 8.433739822066854686e-07
4.128378331661224365e-01 2.849008300781250000e+03 8.476564516968210228e-07
4.248235225677490234e-01 2.849033935546875000e+03 9.825683946473873220e-07
4.299736917018890381e-01 2.848967773437500000e+03 9.270631835534004495e-07
4.229329526424407959e-01 2.848948242187500000e+03 1.012328084470937029e-06
4.557354748249053955e-01 2.848958251953125000e+03 9.501147246737673413e-07
4.398511350154876709e-01 2.848955322265625000e+03 9.982632036553695798e-07
4.707092344760894775e-01 2.848915039062500000e+03 1.059812120729475282e-06
4.641178250312805176e-01 2.848899414062500000e+03 1.068481424226774834e-06
4.610777795314788818e-01 2.848917236328125000e+03 1.112520408241834957e-06
4.785482287406921387e-01 2.848849365234375000e+03 1.128888811763317790e-06
4.813745021820068359e-01 2.848857177734375000e+03 1.171834014712658245e-06
4.866115152835845947e-01 2.848829345703125000e+03 1.178980141958163586e-06
4.905835688114166260e-01 2.848843750000000000e+03 1.202174075842776801e-06
5.077071189880371094e-01 2.848803710937500000e+03 1.300106191592931282e-06
4.987312257289886475e-01 2.848776855468750000e+03 1.261894112758454867e-06
5.180527567863464355e-01 2.848731201171875000e+03 1.326019400949007832e-06
5.159805417060852051e-01 2.848755859375000000e+03 1.382835307595087215e-06
5.273169279098510742e-01 2.848748779296875000e+03 1.460289240640122443e-06
5.466407537460327148e-01 2.848691162109375000e+03 1.437370883650146425e-06
5.422642827033996582e-01 2.848698242187500000e+03 1.545761506349663250e-06
5.515049099922180176e-01 2.848701660156250000e+03 1.482054358348250389e-06
5.662267804145812988e-01 2.848648193359375000e+03 1.675807197898393497e-06
5.582751631736755371e-01 2.848619628906250000e+03 1.678177909525402356e-06
5.804247260093688965e-01 2.848599853515625000e+03 1.707144292595330626e-06
5.954010486602783203e-01 2.848586914062500000e+03 1.761510702635860071e-06
5.954279899597167969e-01 2.848577880859375000e+03 1.731780457703280263e-06
6.020843386650085449e-01 2.848585205078125000e+03 1.915903794724727049e-06
6.193417310714721680e-01 2.848541748046875000e+03 1.933261046360712498e-06
6.193733811378479004e-01 2.848543457031250000e+03 1.909561660795588978e-06
6.332020759582519531e-01 2.848555664062500000e+03 1.874983126981533132e-06
6.287397146224975586e-01 2.848482910156250000e+03 1.953180117197916843e-06
6.548176407814025879e-01 2.848512451171875000e+03 2.132509507646318525e-06
6.502484083175659180e-01 2.848454345703125000e+03 2.073124733215081505e-06
6.561038494110107422e-01 2.848400878906250000e+03 2.167580760215059854e-06
6.724304556846618652e-01 2.848402343750000000e+03 2.402913423793506809e-06
6.867970228195190430e-01 2.848398193359375000e+03 2.363341536693042144e-06
6.781618595123291016e-01 2.848381347656250000e+03 2.490353381290333346e-06
7.097940444946289062e-01 2.848332519531250000e+03 2.503767291273106821e-06
7.116000652313232422e-01 2.848343750000000000e+03 2.582056595201720484e-06
7.140927314758300781e-01 2.848289062500000000e+03 2.468272214173339307e-06
7.280802726745605469e-01 2.848318115234375000e+03 2.544669314374914393e-06
7.286095023155212402e-01 2.848243896484375000e+03 2.702881374716525897e-06
7.349516153335571289e-01 2.848313476562500000e+03 2.664299927346291952e-06
7.430660724639892578e-01 2.848247802734375000e+03 2.752711907305638306e-06
7.361491322517395020e-01 2.848215576171875000e+03 2.956915068352827802e-06
7.577707171440124512e-01 2.848187255859375000e+03 3.012488605236285366e-06
7.567344903945922852e-01 2.848164550781250000e+03 2.975946244987426326e-06
7.798297405242919922e-01 2.848135009765625000e+03 3.298547426311415620e-06
8.278935551643371582e-01 2.848157714843750000e+03 3.133648078801343217e-06
8.286104202270507812e-01 2.848080322265625000e+03 3.353295596753014252e-06
8.208574056625366211e-01 2.848060302734375000e+03 3.075341510339058004e-06
8.418120145797729492e-01 2.848049560546875000e+03 3.636166638898430392e-06
8.293881416320800781e-01 2.848048339843750000e+03 3.414322463868302293e-06
8.358992338180541992e-01 2.848045898437500000e+03 3.540189482009736821e-06
8.531643748283386230e-01 2.848020751953125000e+03 3.521778353388071992e-06
8.524183630943298340e-01 2.847969970703125000e+03 3.916827608918538317e-06
8.538501262664794922e-01 2.847922363281250000e+03 3.871989974868483841e-06
8.760675191879272461e-01 2.847910400390625000e+03 3.767438101931475103e-06
8.998776078224182129e-01 2.847929199218750000e+03 4.161581273365300149e-06
8.994987010955810547e-01 2.847882568359375000e+03 4.135991275688866153e-06
9.383480548858642578e-01 2.847835937500000000e+03 4.424563940119696781e-06
9.420468807220458984e-01 2.847863037109375000e+03 4.306433766032569110e-06
9.307603836059570312e-01 2.847794433593750000e+03 4.411114787217229605e-06
9.353957772254943848e-01 2.847682617187500000e+03 4.650253231375245377e-06
9.451801180839538574e-01 2.847736572265625000e+03 4.472266027732985094e-06
9.619184732437133789e-01 2.847685302734375000e+03 4.501053354033501819e-06
9.529769420623779297e-01 2.847677490234375000e+03 4.776543846674030647e-06
9.835178852081298828e-01 2.847716308593750000e+03 4.799159796675667167e-06
9.766482710838317871e-01 2.847623046875000000e+03 5.268957465887069702e-06
1.006552696228027344e+00 2.847571777343750000e+03 5.361853254726156592e-06
1.008243441581726074e+00 2.847610839843750000e+03 5.255747055343817919e-06
1.040700912475585938e+00 2.847435058593750000e+03 5.680699359800200909e-06
1.041073560714721680e+00 2.847562988281250000e+03 5.228491772868437693e-06
1.064640402793884277e+00 2.847454345703125000e+03 5.753056484536500648e-06
1.075578808784484863e+00 2.847520263671875000e+03 6.108903107815422118e-06
1.066389203071594238e+00 2.847386474609375000e+03 5.839158347953343764e-06
1.108319520950317383e+00 2.847409423828125000e+03 6.051800482964608818e-06
1.068848371505737305e+00 2.847380859375000000e+03 6.399692210834473372e-06
1.105566263198852539e+00 2.847299804687500000e+03 6.297714207903482020e-06
1.124423027038574219e+00 2.847252929687500000e+03 6.236673470993991941e-06
1.109601974487304688e+00 2.847216796875000000e+03 6.778035640309099108e-06
1.152993917465209961e+00 2.847193359375000000e+03 6.596973889827495441e-06
1.132361054420471191e+00 2.847124755859375000e+03 6.524812761199427769e-06
1.147186875343322754e+00 2.847144775390625000e+03 6.766680598957464099e-06
1.201418161392211914e+00 2.847127441406250000e+03 7.205698693724116310e-06
1.179153680801391602e+00 2.847217529296875000e+03 7.304934115381911397e-06
1.194950938224792480e+00 2.847157226562500000e+03 7.608541636727750301e-06
1.230202794075012207e+00 2.847152832031250000e+03 8.343863555637653917e-06
1.223287582397460938e+00 2.847085449218750000e+03 7.938631824799813330e-06
1.251400709152221680e+00 2.847069335937500000e+03 8.248544872913043946e-06
1.281068801879882812e+00 2.847056640625000000e+03 8.830223123368341476e-06
1.289975523948669434e+00 2.847037109375000000e+03 8.425200576311908662e-06
1.280160069465637207e+00 2.846990478515625000e+03 8.589117896917741746e-06
1.288348078727722168e+00 2.846938964843750000e+03 8.282971975859254599e-06
1.282629013061523438e+00 2.846954345703125000e+03 9.350151231046766043e-06
1.335581779479980469e+00 2.846849609375000000e+03 9.259437319997232407e-06
1.324839591979980469e+00 2.846757812500000000e+03 9.103770935325883329e-06
1.349031686782836914e+00 2.846770507812500000e+03 9.609000699128955603e-06
1.391872167587280273e+00 2.846707519531250000e+03 9.793076060304883868e-06
1.401779294013977051e+00 2.846708740234375000e+03 9.220933861797675490e-06
1.382832884788513184e+00 2.846665771484375000e+03 1.013362452795263380e-05
1.408025383949279785e+00 2.846628662109375000e+03 1.106628405977971852e-05
1.425412416458129883e+00 2.846574462890625000e+03 1.072284430847503245e-05
1.431906342506408691e+00 2.846597900390625000e+03 1.102576698031043634e-05
1.415479063987731934e+00 2.846525878906250000e+03 1.023996264848392457e-05
1.451713323593139648e+00 2.846521972656250000e+03 1.085303301806561649e-05
1.484511852264404297e+00 2.846484375000000000e+03 1.122376943385461345e-05
1.454233050346374512e+00 2.846438964843750000e+03 1.155602603830629960e-05
1.501284360885620117e+00 2.846350585937500000e+03 1.202606836159247905e-05
1.542940616607666016e+00 2.846390625000000000e+03 1.315360805165255442e-05
1.512706875801086426e+00 2.846208007812500000e+03 1.255528513866011053e-05
1.544533967971801758e+00 2.846261474609375000e+03 1.243903534486889839e-05
1.571285605430603027e+00 2.846295410156250000e+03 1.315844929195009172e-05
1.614052772521972656e+00 2.846146728515625000e+03 1.269349559152033180e-05
1.626431822776794434e+00 2.846056640625000000e+03 1.341696588497143239e-05
1.573165535926818848e+00 2.846079345703125000e+03 1.344540123682236299e-05
1.634586572647094727e+00 2.846080078125000000e+03 1.400632754666730762e-05
1.654128670692443848e+00 2.846132080078125000e+03 1.472149779147002846e-05
1.684137701988220215e+00 2.846081542968750000e+03 1.522922138974536210e-05
1.720448374748229980e+00 2.845790527343750000e+03 1.549603803141508251e-05
1.698738217353820801e+00 2.845945800781250000e+03 1.562111901876050979e-05
1.717214584350585938e+00 2.845821289062500000e+03 1.605985744390636683e-05
1.747346401214599609e+00 2.845806640625000000e+03 1.620926559553481638e-05
1.700102210044860840e+00 2.845804687500000000e+03 1.629751932341605425e-05
1.785911679267883301e+00 2.845619628906250000e+03 1.660407906456384808e-05
1.772589445114135742e+00 2.845691650390625000e+03 1.625908407731913030e-05
1.812755107879638672e+00 2.845714355468750000e+03 1.653160870773717761e-05
1.833555340766906738e+00 2.845603271484375000e+03 1.665144372964277864e-05
1.916137099266052246e+00 2.845535156250000000e+03 1.753830110828857869e-05
1.894374132156372070e+00 2.845494873046875000e+03 1.900988354464061558e-05
1.880411624908447266e+00 2.845589355468750000e+03 1.868789695436134934e-05
1.925759673118591309e+00 2.845375000000000000e+03 1.945146323123481125e-05
1.931481957435607910e+00 2.845489013671875000e+03 1.948992940015159547e-05
1.934229016304016113e+00 2.845275634765625000e+03 1.930304279085248709e-05
1.942743420600891113e+00 2.845229736328125000e+03 2.047686393780168146e-05
1.986395120620727539e+00 2.845177734375000000e+03 1.992585021071135998e-05
1.968794703483581543e+00 2.845097656250000000e+03 2.041967672994360328e-05
1.993413925170898438e+00 2.845257812500000000e+03 2.138213676516897976e-05
2.031073093414306641e+00 2.845174072265625000e+03 2.165799378417432308e-05
2.029636383056640625e+00 2.844939208984375000e+03 2.243353810627013445e-05
2.104068994522094727e+00 2.844941894531250000e+03 2.157628659915644675e-05
2.049433231353759766e+00 2.845085937500000000e+03 2.211040555266663432e-05
2.129676580429077148e+00 2.844876708984375000e+03 2.308708644704893231e-05
2.149758338928222656e+00 2.844836669921875000e+03 2.332949588890187442e-05
2.062110662460327148e+00 2.844864501953125000e+03 2.482874151610303670e-05
2.163628339767456055e+00 2.844745605468750000e+03 2.574636891949921846e-05
2.156533718109130859e+00 2.844735351562500000e+03 2.697933450690470636e-05
2.146474123001098633e+00 2.844666748046875000e+03 2.615343328216113150e-05
2.173328876495361328e+00 2.844695556640625000e+03 2.592879354779142886e-05
2.206906557083129883e+00 2.844485351562500000e+03 2.664289240783546120e-05
2.269894838333129883e+00 2.844597167968750000e+03 2.685757863218896091e-05
2.291847467422485352e+00 2.844525146484375000e+03 2.823848444677423686e-05
2.291780948638916016e+00 2.844412841796875000e+03 2.786380719044245780e-05
2.315145730972290039e+00 2.844291015625000000e+03 2.869403397198766470e-05
2.326614379882812500e+00 2.844473388671875000e+03 2.896522346418350935e-05
2.360062599182128906e+00 2.844344482421875000e+03 2.900223080359864980e-05
2.341111183166503906e+00 2.844324707031250000e+03 2.881791078834794462e-05
2.400648355484008789e+00 2.844163574218750000e+03 3.131493576802313328e-05
2.462009429931640625e+00 2.844225097656250000e+03 3.193333395756781101e-05
2.450387001037597656e+00 2.844129394531250000e+03 3.096600994467735291e-05
2.372882127761840820e+00 2.844131103515625000e+03 3.030863445019349456e-05
2.430182456970214844e+00 2.844240722656250000e+03 3.181791544193401933e-05
2.510114431381225586e+00 2.843922363281250000e+03 3.345164441270753741e-05
2.507058858871459961e+00 2.843950927734375000e+03 3.374825246282853186e-05
2.471297502517700195e+00 2.843877685546875000e+03 3.440623186179436743e-05
2.470892667770385742e+00 2.843713134765625000e+03 3.358173853484913707e-05
2.535997629165649414e+00 2.843797607421875000e+03 3.692720201797783375e-05
2.570044755935668945e+00 2.843745849609375000e+03 3.574683432816527784e-05
2.620342731475830078e+00 2.843717041015625000e+03 3.513221963657997549e-05
2.625836610794067383e+00 2.843689208984375000e+03 3.672254024422727525e-05
2.647744655609130859e+00 2.843274902343750000e+03 3.822355938609689474e-05
2.621280908584594727e+00 2.843569580078125000e+03 4.092994640814140439e-05
2.631921529769897461e+00 2.843342773437500000e+03 3.957880835514515638e-05
2.691784381866455078e+00 2.843240722656250000e+03 4.070837894687429070e-05
2.631153106689453125e+00 2.843348144531250000e+03 3.983047645306214690e-05
2.735042810440063477e+00 2.843365234375000000e+03 3.936067150789313018e-05
2.755303621292114258e+00 2.843370361328125000e+03 4.169697785982862115e-05
2.817358732223510742e+00 2.843241455078125000e+03 4.100884689250960946e-05
2.810834646224975586e+00 2.843031250000000000e+03 4.101804734091274440e-05
2.782826900482177734e+00 2.842978759765625000e+03 4.610834730556234717e-05
2.855038881301879883e+00 2.843021728515625000e+03 4.286931653041392565e-05
2.850050926208496094e+00 2.843037109375000000e+03 4.779776645591482520e-05
2.838397026062011719e+00 2.842952148437500000e+03 4.602318949764594436e-05
2.896609067916870117e+00 2.842981689453125000e+03 4.420558252604678273e-05
2.896157026290893555e+00 2.842713134765625000e+03 4.773417822434566915e-05
2.929307460784912109e+00 2.843041259765625000e+03 4.720447759609669447e-05
2.936427831649780273e+00 2.842528076171875000e+03 4.904997695120982826e-05
2.994726896286010742e+00 2.842675537109375000e+03 4.926775727653875947e-05
2.987935066223144531e+00 2.842656738281250000e+03 4.722994708572514355e-05
3.025993824005126953e+00 2.842411865234375000e+03 5.223882180871441960e-05
3.101153612136840820e+00 2.842671875000000000e+03 5.136189793120138347e-05
3.065313339233398438e+00 2.842544677734375000e+03 5.321508433553390205e-05
3.127857923507690430e+00 2.842462646484375000e+03 5.062523996457457542e-05
3.112872600555419922e+00 2.842336669921875000e+03 5.266581865726038814e-05
3.138714790344238281e+00 2.842285156250000000e+03 5.457935913000255823e-05
3.071259021759033203e+00 2.842264648437500000e+03 5.712759957532398403e-05
3.266349554061889648e+00 2.842141845703125000e+03 5.630969099001958966e-05
3.243478298187255859e+00 2.842010986328125000e+03 5.614285328192636371e-05
3.166943073272705078e+00 2.842058593750000000e+03 5.799345672130584717e-05
3.224645614624023438e+00 2.841809326171875000e+03 6.024217145750299096e-05
3.253349304199218750e+00 2.842031250000000000e+03 6.131370173534378409e-05
3.251774787902832031e+00 2.841838623046875000e+03 6.024731555953621864e-05
3.276282548904418945e+00 2.841750488281250000e+03 6.279839726630598307e-05
3.355009794235229492e+00 2.841781005859375000e+03 6.174203736009076238e-05
3.318431854248046875e+00 2.841259765625000000e+03 6.240321090444922447e-05
3.344117403030395508e+00 2.841711425781250000e+03 6.456780829466879368e-05
3.312330007553100586e+00 2.841414794921875000e+03 6.409125489881262183e-05
3.416555166244506836e+00 2.841299804687500000e+03 6.653905438724905252e-05
3.467757701873779297e+00 2.841354003906250000e+03 6.717092765029519796e-05
3.491854429244995117e+00 2.841366943359375000e+03 6.649243732681497931e-05
3.435747385025024414e+00 2.841421630859375000e+03 6.669912545476108789e-05
3.622127294540405273e+00 2.841190429687500000e+03 7.303532765945419669e-05
3.535922288894653320e+00 2.841074707031250000e+03 7.172430196078494191e-05
3.508955478668212891e+00 2.841144287109375000e+03 7.063346856739372015e-05
3.622068881988525391e+00 2.840998046875000000e+03 7.328238280024379492e-05
3.535484790802001953e+00 2.841094726562500000e+03 7.056868344079703093e-05
3.663448572158813477e+00 2.841015625000000000e+03 7.530927541665732861e-05
3.672426462173461914e+00 2.840884033203125000e+03 8.038474334171041846e-05
3.670969247817993164e+00 2.840825683593750000e+03 8.043555862968787551e-05
3.715086460113525391e+00 2.841141601562500000e+03 7.594568887725472450e-05
3.745995044708251953e+00 2.840633789062500000e+03 8.350834104930981994e-05
3.676721096038818359e+00 2.840508056640625000e+03 7.865235966164618731e-05
3.702627658843994141e+00 2.840422851562500000e+03 8.374456956516951323e-05
3.791991949081420898e+00 2.840525634765625000e+03 7.778526196489110589e-05
3.836056947708129883e+00 2.840452636718750000e+03 8.045557478908449411e-05
3.828524827957153320e+00 2.840330322265625000e+03 8.512228669133037329e-05
3.881066560745239258e+00 2.840172607421875000e+03 8.213653927668929100e-05
3.884354591369628906e+00 2.840035644531250000e+03 8.868754957802593708e-05
3.907699108123779297e+00 2.840345703125000000e+03 8.935760706663131714e-05
3.876867055892944336e+00 2.839983154296875000e+03 9.151271660812199116e-05
3.949458360671997070e+00 2.840020507812500000e+03 9.348717139801010489e-05
4.046617031097412109e+00 2.839930175781250000e+03 9.500051965005695820e-05
4.024303913116455078e+00 2.839614257812500000e+03 9.410576603841036558e-05
3.982666254043579102e+00 2.839302978515625000e+03 1.025962410494685173e-04
4.025098800659179688e+00 2.839770996093750000e+03 9.741430403664708138e-05
4.003582000732421875e+00 2.839452148437500000e+03 9.966258949134498835e-05
4.209352016448974609e+00 2.839852783203125000e+03 1.032468935591168702e-04
4.041836261749267578e+00 2.839618164062500000e+03 1.049129423336125910e-04
4.184254646301269531e+00 2.839366455078125000e+03 1.043335796566680074e-04
4.167335510253906250e+00 2.839125732421875000e+03 1.109428703784942627e-04
4.237007141113281250e+00 2.839578857421875000e+03 1.095859988708980381e-04
4.153861045837402344e+00 2.839202392578125000e+03 1.094986655516549945e-04
4.338657379150390625e+00 2.839104492187500000e+03 1.051674043992534280e-04
4.324965476989746094e+00 2.838945068359375000e+03 1.082549060811288655e-04
4.293620586395263672e+00 2.839007568359375000e+03 1.100467852666042745e-04
4.327284336090087891e+00 2.839263916015625000e+03 1.153283810708671808e-04
4.196853160858154297e+00 2.839074951171875000e+03 1.124053960666060448e-04
4.343598842620849609e+00 2.839000488281250000e+03 1.132203688030131161e-04
4.455086231231689453e+00 2.838963134765625000e+03 1.175354409497231245e-04
4.450720787048339844e+00 2.838508544921875000e+03 1.199866601382382214e-04
4.531469821929931641e+00 2.838700927734375000e+03 1.233736693393439054e-04
4.376482963562011719e+00 2.838836425781250000e+03 1.145514543168246746e-04
4.551798343658447266e+00 2.838647216796875000e+03 1.155020800069905818e-04
4.693284034729003906e+00 2.838487548828125000e+03 1.311664382228627801e-04
4.638041973114013672e+00 2.838287841796875000e+03 1.186257577501237392e-04
4.535771846771240234e+00 2.838216796875000000e+03 1.325880148215219378e-04
4.590576171875000000e+00 2.838265136718750000e+03 1.211085909744724631e-04
4.644007682800292969e+00 2.838046630859375000e+03 1.334683183813467622e-04
4.594357967376708984e+00 2.837962890625000000e+03 1.260798453586176038e-04
4.706513404846191406e+00 2.838105468750000000e+03 1.362668117508292198e-04
4.780912399291992188e+00 2.837591796875000000e+03 1.406204683007672429e-04
4.712029933929443359e+00 2.837681640625000000e+03 1.294108369620516896e-04
4.846040725708007812e+00 2.837827148437500000e+03 1.347953948425129056e-04
4.806612014770507812e+00 2.837603027343750000e+03 1.365062198601663113e-04
4.826845645904541016e+00 2.837708251953125000e+03 1.381495094392448664e-04
4.684869766235351562e+00 2.837779541015625000e+03 1.407013041898608208e-04
4.915885448455810547e+00 2.837586914062500000e+03 1.381204638164490461e-04
4.793539047241210938e+00 2.837603515625000000e+03 1.437355094822123647e-04
4.971723079681396484e+00 2.837205322265625000e+03 1.520415971754118800e-04
4.965887069702148438e+00 2.837242431640625000e+03 1.561667158966884017e-04
4.833605289459228516e+00 2.837133056640625000e+03 1.578735536895692348e-04
4.865071296691894531e+00 2.837100097656250000e+03 1.528653228888288140e-04
4.996141910552978516e+00 2.837078125000000000e+03 1.526055566500872374e-04
5.065079212188720703e+00 2.837028564453125000e+03 1.575644128024578094e-04
5.051217079162597656e+00 2.836874267578125000e+03 1.661224523559212685e-04
5.018009185791015625e+00 2.836560791015625000e+03 1.585648715263232589e-04
5.051473617553710938e+00 2.836538818359375000e+03 1.613958156667649746e-04
5.093748569488525391e+00 2.836664062500000000e+03 1.526976411696523428e-04
5.059685707092285156e+00 2.836353027343750000e+03 1.794693234842270613e-04
5.140097141265869141e+00 2.836555908203125000e+03 1.668359473114833236e-04
5.255914211273193359e+00 2.836643554687500000e+03 1.777751458575949073e-04
5.211431026458740234e+00 2.836101806640625000e+03 1.743919710861518979e-04
5.334211826324462891e+00 2.835737792968750000e+03 1.832970156101509929e-04
5.276744365692138672e+00 2.836028320312500000e+03 1.836210431065410376e-04
5.428595066070556641e+00 2.836156494140625000e+03 1.809997775126248598e-04
5.369695663452148438e+00 2.836058837890625000e+03 1.874291046988219023e-04
5.384192466735839844e+00 2.836098876953125000e+03 1.942583330674096942e-04
5.442776679992675781e+00 2.835938476562500000e+03 1.911916187964379787e-04
5.478668212890625000e+00 2.835411376953125000e+03 1.755714183673262596e-04
5.382994174957275391e+00 2.835557128906250000e+03 1.926688855746760964e-04
5.424219608306884766e+00 2.835952880859375000e+03 1.991048484342172742e-04
5.511888027191162109e+00 2.835507324218750000e+03 2.055424265563488007e-04
5.558635234832763672e+00 2.835758544921875000e+03 2.089916379190981388e-04
5.503413200378417969e+00 2.835270751953125000e+03 2.032433985732495785e-04
5.744828701019287109e+00 2.834989990234375000e+03 2.126547042280435562e-04
5.618801593780517578e+00 2.835164306640625000e+03 2.015423524426296353e-04
5.598115921020507812e+00 2.834716552734375000e+03 2.112672955263406038e-04
5.806448936462402344e+00 2.835139892578125000e+03 1.997938379645347595e-04
5.751939296722412109e+00 2.835446289062500000e+03 1.960312656592577696e-04
5.799224376678466797e+00 2.834946777343750000e+03 2.123091107932850718e-04
5.716283798217773438e+00 2.834786621093750000e+03 2.165130281355232000e-04
5.778470993041992188e+00 2.834323974609375000e+03 2.272456913487985730e-04
5.759896278381347656e+00 2.834778564453125000e+03 2.191384264733642340e-04
5.934694290161132812e+00 2.834468750000000000e+03 2.338461927138268948e-04
5.834193229675292969e+00 2.834180419921875000e+03 2.322781074326485395e-04
5.923653602600097656e+00 2.834009765625000000e+03 2.288595424033701420e-04
6.029256343841552734e+00 2.833854736328125000e+03 2.287714596604928374e-04
5.930674076080322266e+00 2.833788818359375000e+03 2.496207016520202160e-04
6.008421897888183594e+00 2.833811035156250000e+03 2.409350418020039797e-04
6.131999969482421875e+00 2.833847412109375000e+03 2.324883826076984406e-04
6.167388916015625000e+00 2.833662353515625000e+03 2.386749838478863239e-04
6.017160892486572266e+00 2.833394042968750000e+03 2.465494035277515650e-04
6.112775802612304688e+00 2.833443359375000000e+03 2.397455100435763597e-04
6.074797630310058594e+00 2.833873046875000000e+03 2.656389551702886820e-04
6.309659004211425781e+00 2.833412353515625000e+03 2.547440526541322470e-04
6.138451099395751953e+00 2.833813964843750000e+03 2.350933500565588474e-04
6.256720066070556641e+00 2.833235839843750000e+03 2.641754981596022844e-04
6.281890869140625000e+00 2.833354248046875000e+03 2.595609403215348721e-04
6.220364570617675781e+00 2.832655273437500000e+03 2.818980719894170761e-04
6.314945697784423828e+00 2.832879150390625000e+03 2.712913556024432182e-04
6.440701007843017578e+00 2.832996582031250000e+03 2.685195358935743570e-04
6.550813674926757812e+00 2.832697509765625000e+03 2.764605160336941481e-04
6.486764430999755859e+00 2.832745361328125000e+03 2.844348200596868992e-04
6.488872528076171875e+00 2.832462402343750000e+03 2.783477539196610451e-04
6.497510433197021484e+00 2.832659423828125000e+03 2.822614624164998531e-04
6.633604049682617188e+00 2.832232910156250000e+03 2.775164321064949036e-04
6.580709934234619141e+00 2.832289306640625000e+03 2.890060422942042351e-04
6.539869785308837891e+00 2.832167968750000000e+03 3.004484169650822878e-04
6.779468536376953125e+00 2.832109863281250000e+03 3.011716180481016636e-04
6.661374092102050781e+00 2.832285400390625000e+03 2.998168929480016232e-04
6.729433059692382812e+00 2.831649169921875000e+03 3.120993496850132942e-04
6.585465908050537109e+00 2.831720947265625000e+03 3.044621844310313463e-04
6.920660018920898438e+00 2.831713378906250000e+03 3.020300355274230242e-04
6.946798324584960938e+00 2.831932861328125000e+03 3.154645964968949556e-04
6.740933418273925781e+00 2.831522949218750000e+03 3.453294630162417889e-04
6.980358600616455078e+00 2.830855957031250000e+03 3.300242824479937553e-04
6.702444076538085938e+00 2.831467041015625000e+03 3.027249185834079981e-04
6.848836421966552734e+00 2.831372314453125000e+03 3.058834117837250233e-04
6.943752288818359375e+00 2.830349609375000000e+03 3.145253285765647888e-04
7.034000873565673828e+00 2.831273925781250000e+03 3.236121265217661858e-04
7.028477191925048828e+00 2.831219970703125000e+03 3.510689130052924156e-04
7.098174095153808594e+00 2.830681640625000000e+03 3.158157051075249910e-04
7.078108787536621094e+00 2.830435546875000000e+03 3.641513758338987827e-04
7.044163227081298828e+00 2.830795166015625000e+03 3.539872413966804743e-04
7.018899917602539062e+00 2.830785400390625000e+03 3.576016752049326897e-04
7.074741363525390625e+00 2.830330810546875000e+03 3.697767388075590134e-04
7.278147220611572266e+00 2.830187255859375000e+03 3.500361344777047634e-04
7.269819736480712891e+00 2.829897949218750000e+03 3.649510326795279980e-04
7.222142219543457031e+00 2.830528564453125000e+03 3.550119581632316113e-04
7.378561496734619141e+00 2.829485107421875000e+03 3.676859778352081776e-04
7.536066055297851562e+00 2.830294677734375000e+03 4.022166249342262745e-04
7.351662158966064453e+00 2.830163818359375000e+03 3.886908234562724829e-04
7.392817974090576172e+00 2.829800537109375000e+03 3.670984006021171808e-04
7.615423679351806641e+00 2.828507812500000000e+03 4.079260397702455521e-04
7.468845844268798828e+00 2.829780517578125000e+03 3.909090883098542690e-04
7.494290828704833984e+00 2.829356201171875000e+03 4.055073950439691544e-04
7.494736194610595703e+00 2.829884277343750000e+03 4.308565985411405563e-04
7.612034320831298828e+00 2.828636962890625000e+03 4.192605265416204929e-04
7.735623836517333984e+00 2.829448974609375000e+03 4.041985957883298397e-04
7.697753906250000000e+00 2.829626953125000000e+03 4.182842676527798176e-04
7.715311050415039062e+00 2.827888916015625000e+03 4.270454519428312778e-04
7.775592327117919922e+00 2.829087158203125000e+03 4.137746291235089302e-04
7.687794208526611328e+00 2.828490234375000000e+03 4.140528617426753044e-04
