2.324212109670042992e-03 4.749996582031250000e+03 8.063073646258356320e-12
2.766723977401852608e-03 4.749996093750000000e+03 1.533204986581271356e-11
3.272258210927248001e-03 4.749995117187500000e+03 2.546839475425777266e-11
3.831739537417888641e-03 4.749993652343750000e+03 4.087665969598752724e-11
4.345579538494348526e-03 4.749992187500000000e+03 5.969938432492938318e-11
4.839568398892879486e-03 4.749990722656250000e+03 8.670911905150902044e-11
5.619537085294723511e-03 4.749989257812500000e+03 1.254655546123473187e-10
6.312458775937557220e-03 4.749987304687500000e+03 1.675981020632377749e-10
6.875387858599424362e-03 4.749984375000000000e+03 2.246477170952942970e-10
7.798515725880861282e-03 4.749982910156250000e+03 2.918900954274050719e-10
8.984491229057312012e-03 4.749980957031250000e+03 4.028854749815735659e-10
9.529119357466697693e-03 4.749978027343750000e+03 4.991867474934963411e-10
1.081541366875171661e-02 4.749975097656250000e+03 6.406682961923593211e-10
1.192736346274614334e-02 4.749972656250000000e+03 7.864586204497925337e-10
1.287774275988340378e-02 4.749969238281250000e+03 9.660170441350146575e-10
1.406666357070207596e-02 4.749965332031250000e+03 1.233767310537814410e-09
1.546021830290555954e-02 4.749963378906250000e+03 1.482360012516892311e-09
1.683448627591133118e-02 4.749957519531250000e+03 1.767314072864678565e-09
1.870105415582656860e-02 4.749954589843750000e+03 2.169530999296398477e-09
2.012459002435207367e-02 4.749950195312500000e+03 2.562411394180230673e-09
2.060159854590892792e-02 4.749946777343750000e+03 3.144797311449565314e-09
2.331453002989292145e-02 4.749941406250000000e+03 3.601920983697937118e-09
2.430387027561664581e-02 4.749937011718750000e+03 4.249090856944803818e-09
2.596909739077091217e-02 4.749933593750000000e+03 5.042074313621469628e-09
2.814537659287452698e-02 4.749928222656250000e+03 5.655867330034425322e-09
2.950766310095787048e-02 4.749921875000000000e+03 6.598072754826489472e-09
3.087806329131126404e-02 4.749914550781250000e+03 7.726350226278100308e-09
3.385790809988975525e-02 4.749909179687500000e+03 8.651285909877515223e-09
3.565349802374839783e-02 4.749903808593750000e+03 9.731831340786811779e-09
3.731512650847434998e-02 4.749896484375000000e+03 1.156248874423226880e-08
3.944243863224983215e-02 4.749893554687500000e+03 1.280351380472666278e-08
4.352406412363052368e-02 4.749884277343750000e+03 1.455674336625634169e-08
4.439515247941017151e-02 4.749878417968750000e+03 1.659561021938316117e-08
4.622369632124900818e-02 4.749867675781250000e+03 1.745083721971241175e-08
5.043901503086090088e-02 4.749864746093750000e+03 2.049392833214369603e-08
5.096568539738655090e-02 4.749856933593750000e+03 2.284469680091660848e-08
5.470311269164085388e-02 4.749848632812500000e+03 2.418442157647859858e-08
5.886130779981613159e-02 4.749836914062500000e+03 2.807477983424178092e-08
6.160580739378929138e-02 4.749831542968750000e+03 3.024803163498290814e-08
6.080734357237815857e-02 4.749822753906250000e+03 3.422902139504913066e-08
6.482080370187759399e-02 4.749808593750000000e+03 3.605426002195599722e-08
6.700799614191055298e-02 4.749806152343750000e+03 4.008419551837505423e-08
6.948617845773696899e-02 4.749791503906250000e+03 4.489381311145734799e-08
7.590278983116149902e-02 4.749783691406250000e+03 4.913186302246685955e-08
7.966057956218719482e-02 4.749775390625000000e+03 5.179645157227241725e-08
8.059057593345642090e-02 4.749767578125000000e+03 6.028254517786990618e-08
8.556972444057464600e-02 4.749751953125000000e+03 6.379828931812880910e-08
9.229411929845809937e-02 4.749739746093750000e+03 6.980641842346813064e-08
9.338125586509704590e-02 4.749739746093750000e+03 7.555247805157705443e-08
9.370347112417221069e-02 4.749721191406250000e+03 8.218245284297154285e-08
9.872192144393920898e-02 4.749720214843750000e+03 9.101729858684848296e-08
1.009916439652442932e-01 4.749712402343750000e+03 9.544201873268320924e-08
1.057936772704124451e-01 4.749697265625000000e+03 1.044662027993581432e-07
1.129672229290008545e-01 4.749685546875000000e+03 1.101344153653371905e-07
1.181106790900230408e-01 4.749672363281250000e+03 1.161926093118381687e-07
1.180539503693580627e-01 4.749651367187500000e+03 1.274297432019011467e-07
1.253135502338409424e-01 4.749655761718750000e+03 1.333009578274868545e-07
1.273668110370635986e-01 4.749639160156250000e+03 1.499001598403992830e-07
1.280505955219268799e-01 4.749633300781250000e+03 1.605084918310240027e-07
1.339099705219268799e-01 4.749614257812500000e+03 1.632489841085771332e-07
1.395632773637771606e-01 4.749606445312500000e+03 1.785246013241703622e-07
1.451823264360427856e-01 4.749582519531250000e+03 1.995095857409978635e-07
1.480431407690048218e-01 4.749567382812500000e+03 2.011521189615450567e-07
1.511413455009460449e-01 4.749563964843750000e+03 2.109605787836699164e-07
1.543437987565994263e-01 4.749543457031250000e+03 2.312427369588476722e-07
1.629390567541122437e-01 4.749519531250000000e+03 2.484288188497885130e-07
1.681283563375473022e-01 4.749517578125000000e+03 2.480520890912885079e-07
1.719192266464233398e-01 4.749507812500000000e+03 2.800926495183375664e-07
1.789752840995788574e-01 4.749484375000000000e+03 2.919829000802565133e-07
1.738647967576980591e-01 4.749469726562500000e+03 3.089067206474283012e-07
1.860318332910537720e-01 4.749456542968750000e+03 3.168877924508706201e-07
1.915690898895263672e-01 4.749428710937500000e+03 3.503993468711996684e-07
1.960252523422241211e-01 4.749425781250000000e+03 3.588296237921895226e-07
1.997974663972854614e-01 4.749417480468750000e+03 3.830923844816425117e-07
2.001153826713562012e-01 4.749395507812500000e+03 4.033901745970069896e-07
2.158741503953933716e-01 4.749393554687500000e+03 4.321833841913758079e-07
2.089642137289047241e-01 4.749374511718750000e+03 4.341061412560520694e-07
2.169231623411178589e-01 4.749361328125000000e+03 4.707733580744388746e-07
2.212029248476028442e-01 4.749321777343750000e+03 4.817579792870674282e-07
2.393222451210021973e-01 4.749301269531250000e+03 5.300281600284506567e-07
2.291162312030792236e-01 4.749310546875000000e+03 5.493080834639840759e-07
2.406038194894790649e-01 4.749286132812500000e+03 5.600946337835921440e-07
2.479927986860275269e-01 4.749275878906250000e+03 5.868953962817613501e-07
2.522941529750823975e-01 4.749242187500000000e+03 6.435410568883526139e-07
2.500202953815460205e-01 4.749227050781250000e+03 6.571659127985185478e-07
2.612920403480529785e-01 4.749210937500000000e+03 6.736298132636875380e-07
2.639002501964569092e-01 4.749211425781250000e+03 7.217300321826769505e-07
2.754132747650146484e-01 4.749182128906250000e+03 7.565039936707762536e-07
2.858278453350067139e-01 4.749156738281250000e+03 7.817551477273809724e-07
2.877875864505767822e-01 4.749141601562500000e+03 8.075099344750924502e-07
2.963731586933135986e-01 4.749144042968750000e+03 8.795839789854653645e-07
2.916166484355926514e-01 4.749088378906250000e+03 9.064350479093263857e-07
3.074665367603302002e-01 4.749053710937500000e+03 9.669294058767263778e-07
3.181409239768981934e-01 4.749067871093750000e+03 1.013564656204835046e-06
3.200017511844635010e-01 4.749035644531250000e+03 1.067091034201439470e-06
3.253259360790252686e-01 4.749029296875000000e+03 1.104899865822517313e-06
3.274815380573272705e-01 4.748980957031250000e+03 1.122959474741946906e-06
3.386952877044677734e-01 4.748992675781250000e+03 1.176914452116761822e-06
3.542480170726776123e-01 4.748934570312500000e+03 1.215884708472003695e-06
3.521262705326080322e-01 4.748920410156250000e+03 1.268562527911853977e-06
3.604497015476226807e-01 4.748884765625000000e+03 1.316327711720077787e-06
3.628288805484771729e-01 4.748882324218750000e+03 1.372689212075783871e-06
3.685691058635711670e-01 4.748881347656250000e+03 1.436889988326583989e-06
3.787606060504913330e-01 4.748845703125000000e+03 1.499964241702400614e-06
3.864163458347320557e-01 4.748813476562500000e+03 1.630349856895918492e-06
3.891595005989074707e-01 4.748763183593750000e+03 1.655582991588744335e-06
4.027100205421447754e-01 4.748791503906250000e+03 1.670113533691619523e-06
4.113013744354248047e-01 4.748752441406250000e+03 1.771168399500311352e-06
4.146744906902313232e-01 4.748722167968750000e+03 1.782144749995495658e-06
4.278680682182312012e-01 4.748699218750000000e+03 1.846553800533001777e-06
4.328418672084808350e-01 4.748647460937500000e+03 2.003528152272338048e-06
4.326174259185791016e-01 4.748632812500000000e+03 2.025712319664307870e-06
4.452207684516906738e-01 4.748594238281250000e+03 2.081347929561161436e-06
4.557449221611022949e-01 4.748580566406250000e+03 2.189574161093332805e-06
4.518610537052154541e-01 4.748582031250000000e+03 2.355681999688385986e-06
4.725874960422515869e-01 4.748536132812500000e+03 2.371426944591803476e-06
4.833159148693084717e-01 4.748555664062500000e+03 2.419415068288799375e-06
4.939133226871490479e-01 4.748499511718750000e+03 2.479588374626473524e-06
4.948571920394897461e-01 4.748464843750000000e+03 2.621967723825946450e-06
5.054726004600524902e-01 4.748402343750000000e+03 2.846066308848094195e-06
5.228211283683776855e-01 4.748410156250000000e+03 2.804365522024454549e-06
5.225840806961059570e-01 4.748374511718750000e+03 2.843959236997761764e-06
5.518232583999633789e-01 4.748359375000000000e+03 2.976528321596561000e-06
5.439882278442382812e-01 4.748314453125000000e+03 3.106777057837462053e-06
5.610684752464294434e-01 4.748298828125000000e+03 3.415176706766942516e-06
5.669100284576416016e-01 4.748249511718750000e+03 3.289084361313143745e-06
5.800715684890747070e-01 4.748202148437500000e+03 3.492044470476685092e-06
5.634003281593322754e-01 4.748199707031250000e+03 3.615219156927196309e-06
5.755795836448669434e-01 4.748127929687500000e+03 3.670367959784925915e-06
5.995177030563354492e-01 4.748085449218750000e+03 3.871263743349118158e-06
6.259649395942687988e-01 4.748135742187500000e+03 4.046232334076194093e-06
6.368945240974426270e-01 4.748114746093750000e+03 3.996285613538930193e-06
6.244208216667175293e-01 4.748043945312500000e+03 4.197388534521451220e-06
6.328101158142089844e-01 4.748048339843750000e+03 4.472421551326988265e-06
6.572037935256958008e-01 4.748003906250000000e+03 4.334570348873967305e-06
6.634458303451538086e-01 4.747954589843750000e+03 4.702682417700998485e-06
6.663463711738586426e-01 4.747961914062500000e+03 4.704378625319804996e-06
6.727071404457092285e-01 4.747862304687500000e+03 5.148417130840243772e-06
6.949084997177124023e-01 4.747840332031250000e+03 4.903206900053191930e-06
6.988778710365295410e-01 4.747828613281250000e+03 5.357243026082869619e-06
7.021050453186035156e-01 4.747781250000000000e+03 5.449394393508555368e-06
7.283353209495544434e-01 4.747701660156250000e+03 5.680312369804596528e-06
7.258549332618713379e-01 4.747689453125000000e+03 5.658164354827022180e-06
7.405724525451660156e-01 4.747692382812500000e+03 6.039227173459948972e-06
7.602959871292114258e-01 4.747684570312500000e+03 6.052271146472776309e-06
7.608816623687744141e-01 4.747620117187500000e+03 6.257182121771620587e-06
7.656391263008117676e-01 4.747596191406250000e+03 6.417394615709781647e-06
8.144735097885131836e-01 4.747545898437500000e+03 6.903578650963027030e-06
8.159698843955993652e-01 4.747519531250000000e+03 6.952317562536336482e-06
7.950705885887145996e-01 4.747451660156250000e+03 7.208482202258892357e-06
8.286219835281372070e-01 4.747414062500000000e+03 7.354080935328966007e-06
8.251469731330871582e-01 4.747389648437500000e+03 7.578410532005364075e-06
8.380559086799621582e-01 4.747367675781250000e+03 7.651378837181255221e-06
8.526205420494079590e-01 4.747326171875000000e+03 7.986794116732198745e-06
8.640541434288024902e-01 4.747299316406250000e+03 8.224677003454416990e-06
8.658216595649719238e-01 4.747240722656250000e+03 8.698565579834394157e-06
8.760985136032104492e-01 4.747208496093750000e+03 8.698612873558886349e-06
9.133996963500976562e-01 4.747127929687500000e+03 8.867852557159494609e-06
9.270163178443908691e-01 4.747081542968750000e+03 8.953254109655972570e-06
9.241467714309692383e-01 4.747056152343750000e+03 9.367566235596314073e-06
9.237126111984252930e-01 4.746994140625000000e+03 9.423874871572479606e-06
9.412887692451477051e-01 4.746988281250000000e+03 9.731360478326678276e-06
9.624895453453063965e-01 4.746969726562500000e+03 1.013705332297831774e-05
9.614589810371398926e-01 4.746878417968750000e+03 1.018053080770187080e-05
9.924028515815734863e-01 4.746835449218750000e+03 1.072573377314256504e-05
9.937231540679931641e-01 4.746837890625000000e+03 1.159279054263606668e-05
9.864010810852050781e-01 4.746774902343750000e+03 1.121700734074693173e-05
9.996871352195739746e-01 4.746827148437500000e+03 1.173139571619685739e-05
1.057341814041137695e+00 4.746750976562500000e+03 1.187738598673604429e-05
1.074927568435668945e+00 4.746693847656250000e+03 1.233769944519735873e-05
1.053120493888854980e+00 4.746634277343750000e+03 1.254977087228326127e-05
1.093558311462402344e+00 4.746531738281250000e+03 1.290191721636801958e-05
1.121833682060241699e+00 4.746565917968750000e+03 1.296442496823146939e-05
1.105017066001892090e+00 4.746473144531250000e+03 1.363396040687803179e-05
1.152006030082702637e+00 4.746378906250000000e+03 1.420945500285597518e-05
1.147708654403686523e+00 4.746415039062500000e+03 1.447518661734648049e-05
1.154320955276489258e+00 4.746420410156250000e+03 1.522063030279241502e-05
1.137953162193298340e+00 4.746250488281250000e+03 1.529967630631290376e-05
1.186491012573242188e+00 4.746261718750000000e+03 1.568240804772358388e-05
1.228456854820251465e+00 4.746181640625000000e+03 1.571605571371037513e-05
1.226403236389160156e+00 4.746090820312500000e+03 1.601993790245614946e-05
1.232550024986267090e+00 4.746047851562500000e+03 1.701558358035981655e-05
1.247122764587402344e+00 4.746054687500000000e+03 1.732219607220031321e-05
1.301723480224609375e+00 4.745983886718750000e+03 1.822349258873146027e-05
1.238439679145812988e+00 4.745980468750000000e+03 1.789145062502939254e-05
1.277536749839782715e+00 4.745826660156250000e+03 1.782362414814997464e-05
1.289592742919921875e+00 4.745864746093750000e+03 1.842806886998005211e-05
1.338247776031494141e+00 4.745729980468750000e+03 1.885468373075127602e-05
1.348591566085815430e+00 4.745766601562500000e+03 1.929705649672541767e-05
1.336886286735534668e+00 4.745726562500000000e+03 2.027912341873161495e-05
1.351940751075744629e+00 4.745614746093750000e+03 2.095616764563601464e-05
1.375525474548339844e+00 4.745414550781250000e+03 2.197544745285995305e-05
1.395903468132019043e+00 4.745464843750000000e+03 2.233022314612753689e-05
1.395026326179504395e+00 4.745436523437500000e+03 2.192688407376408577e-05
1.412416696548461914e+00 4.745501953125000000e+03 2.266112278448417783e-05
1.436023235321044922e+00 4.745217773437500000e+03 2.326583125977776945e-05
1.452564239501953125e+00 4.745340332031250000e+03 2.399694130872376263e-05
1.498325347900390625e+00 4.745225097656250000e+03 2.490370388841256499e-05
1.532016277313232422e+00 4.745215332031250000e+03 2.504232725186739117e-05
1.489147543907165527e+00 4.745108886718750000e+03 2.596271770016755909e-05
1.493849754333496094e+00 4.745132324218750000e+03 2.683133971004281193e-05
1.552143692970275879e+00 4.745054687500000000e+03 2.729812149482313544e-05
1.571951985359191895e+00 4.745033691406250000e+03 2.731087079155258834e-05
1.601470470428466797e+00 4.745028320312500000e+03 2.893261080316733569e-05
1.572248458862304688e+00 4.744749023437500000e+03 2.887835216824896634e-05
1.582349181175231934e+00 4.744799804687500000e+03 2.963486804219428450e-05
1.638398766517639160e+00 4.744867675781250000e+03 3.061816460103727877e-05
1.621720314025878906e+00 4.744786621093750000e+03 3.108227974735200405e-05
1.644338130950927734e+00 4.744719238281250000e+03 3.181856664014048874e-05
1.691737771034240723e+00 4.744544433593750000e+03 3.147169263684190810e-05
1.650286912918090820e+00 4.744543457031250000e+03 3.280272721895016730e-05
1.748585224151611328e+00 4.744464843750000000e+03 3.423113230383023620e-05
1.762269616127014160e+00 4.744437011718750000e+03 3.442629895289428532e-05
1.794370174407958984e+00 4.744370117187500000e+03 3.453770477790385485e-05
1.787879467010498047e+00 4.744477050781250000e+03 3.560884215403348207e-05
1.792931914329528809e+00 4.744377929687500000e+03 3.615847526816651225e-05
1.797389626502990723e+00 4.744078613281250000e+03 3.787398600252345204e-05
1.802521586418151855e+00 4.744225585937500000e+03 3.731339165824465454e-05
1.813807249069213867e+00 4.743985351562500000e+03 3.868330168188549578e-05
1.835490703582763672e+00 4.743943359375000000e+03 3.818469485850073397e-05
1.874590396881103516e+00 4.743853515625000000e+03 3.990809636889025569e-05
1.893650770187377930e+00 4.743976074218750000e+03 4.082837767782621086e-05
1.857421875000000000e+00 4.743916992187500000e+03 4.165567588643170893e-05
1.961049199104309082e+00 4.743847656250000000e+03 4.294325117371045053e-05
1.892928838729858398e+00 4.743701660156250000e+03 4.362367690191604197e-05
1.948048591613769531e+00 4.743680175781250000e+03 4.595591235556639731e-05
2.024678707122802734e+00 4.743686523437500000e+03 4.625889414455741644e-05
1.972583174705505371e+00 4.743518066406250000e+03 4.734736285172402859e-05
2.076094150543212891e+00 4.743296875000000000e+03 4.853254722547717392e-05
2.043179035186767578e+00 4.743312011718750000e+03 4.875830927630886436e-05
2.075364351272583008e+00 4.743198730468750000e+03 4.785191413247957826e-05
2.083299636840820312e+00 4.743211914062500000e+03 5.115778913022950292e-05
2.084376335144042969e+00 4.743142089843750000e+03 5.225809218245558441e-05
2.133591890335083008e+00 4.743073730468750000e+03 5.191121454117819667e-05
2.103954792022705078e+00 4.743147460937500000e+03 5.328874249244108796e-05
2.212938547134399414e+00 4.743057617187500000e+03 5.591961962636560202e-05
2.219645738601684570e+00 4.742768554687500000e+03 5.558590055443346500e-05
2.212497472763061523e+00 4.742870117187500000e+03 5.493326170835644007e-05
2.200673818588256836e+00 4.742857910156250000e+03 5.727928873966448009e-05
2.267833232879638672e+00 4.742716308593750000e+03 5.718371176044456661e-05
2.253350496292114258e+00 4.742557128906250000e+03 6.324648711597546935e-05
2.257819652557373047e+00 4.742482421875000000e+03 6.048015711712650955e-05
2.304803371429443359e+00 4.742396972656250000e+03 6.227781705092638731e-05
2.380762815475463867e+00 4.742428222656250000e+03 6.491719250334426761e-05
2.320569753646850586e+00 4.742216308593750000e+03 6.489582301583141088e-05
2.337901115417480469e+00 4.742175781250000000e+03 6.544794450746849179e-05
2.404329299926757812e+00 4.742283203125000000e+03 6.792636850150302052e-05
2.335676908493041992e+00 4.741983886718750000e+03 7.005936640780419111e-05
2.499039888381958008e+00 4.741891601562500000e+03 7.026710227364674211e-05
2.482742547988891602e+00 4.741899902343750000e+03 7.273410301422700286e-05
2.496585130691528320e+00 4.741985839843750000e+03 7.289383211173117161e-05
2.514224767684936523e+00 4.741846679687500000e+03 7.652764907106757164e-05
2.493684053421020508e+00 4.741506347656250000e+03 7.743429887341335416e-05
2.529576063156127930e+00 4.741758300781250000e+03 7.669563638046383858e-05
2.555445194244384766e+00 4.741784667968750000e+03 7.616750372108072042e-05
2.543425083160400391e+00 4.741207519531250000e+03 8.130866626743227243e-05
2.604099035263061523e+00 4.741446777343750000e+03 8.378809434361755848e-05
2.605407238006591797e+00 4.741352539062500000e+03 8.440292731393128633e-05
2.607288599014282227e+00 4.740997558593750000e+03 8.441821410087868571e-05
2.692988157272338867e+00 4.741228027343750000e+03 8.850743324728682637e-05
2.696024417877197266e+00 4.741001464843750000e+03 8.476657239953055978e-05
2.727574825286865234e+00 4.741031250000000000e+03 8.712084672879427671e-05
2.799426078796386719e+00 4.740960937500000000e+03 9.075674461200833321e-05
2.713592767715454102e+00 4.740974121093750000e+03 8.868852455634623766e-05
2.826691865921020508e+00 4.740864746093750000e+03 9.014752140501514077e-05
2.804209232330322266e+00 4.740523925781250000e+03 9.451726509723812342e-05
2.825367689132690430e+00 4.740562500000000000e+03 9.729743760544806719e-05
2.766647338867187500e+00 4.740604003906250000e+03 1.028896076604723930e-04
2.914302349090576172e+00 4.740337890625000000e+03 9.770659380592405796e-05
2.834839105606079102e+00 4.740183593750000000e+03 1.026390600600279868e-04
2.868762731552124023e+00 4.740423828125000000e+03 1.039102353388443589e-04
2.896868705749511719e+00 4.740135253906250000e+03 1.086273623513989151e-04
2.906291246414184570e+00 4.740251953125000000e+03 1.061898365151137114e-04
2.903942823410034180e+00 4.740077148437500000e+03 1.079390058293938637e-04
2.916014909744262695e+00 4.739824707031250000e+03 1.122031244449317455e-04
3.010725736618041992e+00 4.740000976562500000e+03 1.098494976758956909e-04
3.045220136642456055e+00 4.739737792968750000e+03 1.171479962067678571e-04
3.128588676452636719e+00 4.739645507812500000e+03 1.149408053606748581e-04
3.106745719909667969e+00 4.739539550781250000e+03 1.138246443588286638e-04
3.098424911499023438e+00 4.739553710937500000e+03 1.220690319314599037e-04
3.062375307083129883e+00 4.739534179687500000e+03 1.231723144883289933e-04
3.168344736099243164e+00 4.739312500000000000e+03 1.239818957401439548e-04
3.088762283325195312e+00 4.739490722656250000e+03 1.272145600523799658e-04
3.199857711791992188e+00 4.739315429687500000e+03 1.285510661546140909e-04
3.275271892547607422e+00 4.739051269531250000e+03 1.336694112978875637e-04
3.231355428695678711e+00 4.738909667968750000e+03 1.414848229615017772e-04
3.243371725082397461e+00 4.739072753906250000e+03 1.339930458925664425e-04
3.330090522766113281e+00 4.739259765625000000e+03 1.417208841303363442e-04
3.372742891311645508e+00 4.738973632812500000e+03 1.414689759258180857e-04
3.360237598419189453e+00 4.738880859375000000e+03 1.399996399413794279e-04
3.355019569396972656e+00 4.738608886718750000e+03 1.420851476723328233e-04
3.325659751892089844e+00 4.738523925781250000e+03 1.480395440012216568e-04
3.352508544921875000e+00 4.738271972656250000e+03 1.442271022824570537e-04
3.449652671813964844e+00 4.738502929687500000e+03 1.520610094303265214e-04
3.473998069763183594e+00 4.738375976562500000e+03 1.521303493063896894e-04
3.637437343597412109e+00 4.738327148437500000e+03 1.514354225946590304e-04
3.497626781463623047e+00 4.738458496093750000e+03 1.593083288753405213e-04
3.502404212951660156e+00 4.738144531250000000e+03 1.610018080100417137e-04
3.560060739517211914e+00 4.737840332031250000e+03 1.691630313871428370e-04
3.685030937194824219e+00 4.737489746093750000e+03 1.639977854210883379e-04
3.662169456481933594e+00 4.737555664062500000e+03 1.694819657132029533e-04
3.628326177597045898e+00 4.737555175781250000e+03 1.666646712692454457e-04
3.790071487426757812e+00 4.737590820312500000e+03 1.725917536532506347e-04
3.742269754409790039e+00 4.737466308593750000e+03 1.709499920252710581e-04
3.755627393722534180e+00 4.737337890625000000e+03 1.762758620316162705e-04
3.716829299926757812e+00 4.737356933593750000e+03 1.784311461960896850e-04
3.813787221908569336e+00 4.737447265625000000e+03 1.794048148440197110e-04
3.836980819702148438e+00 4.737040527343750000e+03 1.906758698169142008e-04
3.857731103897094727e+00 4.736738281250000000e+03 1.898597693070769310e-04
3.887938022613525391e+00 4.736804199218750000e+03 1.899904600577428937e-04
3.816776037216186523e+00 4.736900390625000000e+03 1.975318446056917310e-04
3.869354724884033203e+00 4.736687500000000000e+03 1.920388313010334969e-04
3.995641946792602539e+00 4.736698730468750000e+03 1.973621692741289735e-04
3.949764251708984375e+00 4.736435546875000000e+03 2.021290711127221584e-04
3.932221174240112305e+00 4.736362792968750000e+03 2.053231291938573122e-04
3.973717689514160156e+00 4.736200195312500000e+03 2.125967148458585143e-04
4.020118713378906250e+00 4.736262695312500000e+03 2.217987785115838051e-04
4.136582851409912109e+00 4.735858886718750000e+03 2.158043935196474195e-04
4.081195831298828125e+00 4.735731933593750000e+03 2.214504638686776161e-04
4.193491935729980469e+00 4.735619628906250000e+03 2.212745894212275743e-04
4.249077320098876953e+00 4.735648437500000000e+03 2.171825035475194454e-04
4.187956333160400391e+00 4.735913085937500000e+03 2.254361461382359266e-04
4.193670749664306641e+00 4.735479980468750000e+03 2.244629431515932083e-04
4.361748218536376953e+00 4.735236816406250000e+03 2.292095596203580499e-04
4.221521854400634766e+00 4.734853027343750000e+03 2.432293113088235259e-04
4.373000621795654297e+00 4.735258789062500000e+03 2.369876601733267307e-04
4.343237876892089844e+00 4.735160156250000000e+03 2.519467670936137438e-04
4.367469787597656250e+00 4.735128906250000000e+03 2.523143484722822905e-04
4.350999355316162109e+00 4.735039062500000000e+03 2.487308811396360397e-04
4.442138671875000000e+00 4.734885253906250000e+03 2.619398292154073715e-04
4.448510169982910156e+00 4.734934082031250000e+03 2.536614192649722099e-04
4.436966896057128906e+00 4.734549804687500000e+03 2.636376011651009321e-04
4.384174823760986328e+00 4.734319824218750000e+03 2.701870398595929146e-04
4.465287685394287109e+00 4.734036621093750000e+03 2.769144484773278236e-04
4.488337993621826172e+00 4.733968261718750000e+03 2.769792627077549696e-04
4.707827091217041016e+00 4.734331542968750000e+03 2.872016630135476589e-04
4.576558589935302734e+00 4.733867187500000000e+03 2.767593541648238897e-04
4.644737720489501953e+00 4.733960449218750000e+03 2.910233451984822750e-04
4.724391937255859375e+00 4.733906738281250000e+03 2.906657173298299313e-04
4.670362949371337891e+00 4.733648437500000000e+03 2.854087215382605791e-04
4.666127204895019531e+00 4.733481933593750000e+03 2.896218793466687202e-04
4.715395450592041016e+00 4.733745605468750000e+03 3.007014456670731306e-04
4.734329700469970703e+00 4.733646484375000000e+03 3.003885503858327866e-04
4.711488246917724609e+00 4.732916503906250000e+03 3.098176966886967421e-04
4.823788166046142578e+00 4.732978027343750000e+03 3.113568236585706472e-04
4.838452339172363281e+00 4.733156250000000000e+03 3.331091138534247875e-04
4.928910255432128906e+00 4.732814453125000000e+03 3.186582471244037151e-04
4.929883003234863281e+00 4.732574218750000000e+03 3.221321967430412769e-04
5.032173633575439453e+00 4.732695800781250000e+03 3.301859251223504543e-04
4.984511375427246094e+00 4.732311035156250000e+03 3.309012099634855986e-04
5.098295211791992188e+00 4.733018066406250000e+03 3.447568160481750965e-04
4.961749553680419922e+00 4.732289062500000000e+03 3.545699582900851965e-04
5.177484035491943359e+00 4.732444824218750000e+03 3.583499928936362267e-04
5.076661109924316406e+00 4.731799316406250000e+03 3.545478393789380789e-04
5.125168323516845703e+00 4.732140625000000000e+03 3.683590330183506012e-04
5.216885566711425781e+00 4.731610839843750000e+03 3.669316065497696400e-04
5.207061290740966797e+00 4.731742675781250000e+03 3.717100480571389198e-04
5.149595260620117188e+00 4.731627929687500000e+03 3.769489703699946404e-04
5.251369476318359375e+00 4.731879394531250000e+03 3.774410288315266371e-04
5.307540416717529297e+00 4.731515136718750000e+03 3.777806414291262627e-04
5.203188896179199219e+00 4.731666015625000000e+03 4.080501385033130646e-04
5.459940433502197266e+00 4.730978027343750000e+03 3.894716792274266481e-04
5.355278968811035156e+00 4.731049804687500000e+03 4.089593421667814255e-04
5.622761726379394531e+00 4.731322753906250000e+03 4.126876010559499264e-04
5.523900032043457031e+00 4.731201660156250000e+03 4.160013631917536259e-04
5.417477607727050781e+00 4.730562988281250000e+03 4.154242342337965965e-04
5.521281242370605469e+00 4.730357910156250000e+03 4.276171966921538115e-04
5.583912849426269531e+00 4.730166992187500000e+03 4.189065948594361544e-04
5.583456993103027344e+00 4.729969238281250000e+03 4.433811409398913383e-04
5.660412311553955078e+00 4.729780761718750000e+03 4.437196766957640648e-04
5.549670696258544922e+00 4.730023437500000000e+03 4.424606158863753080e-04
5.731274604797363281e+00 4.729843750000000000e+03 4.537911445368081331e-04
5.643575191497802734e+00 4.729679199218750000e+03 4.439227632246911526e-04
5.716495513916015625e+00 4.729499023437500000e+03 4.507093399297446012e-04
5.729388236999511719e+00 4.728967773437500000e+03 4.820959293283522129e-04
5.887798309326171875e+00 4.729720703125000000e+03 4.869278054684400558e-04
5.977619171142578125e+00 4.729292968750000000e+03 4.890259588137269020e-04
5.845511913299560547e+00 4.729107421875000000e+03 4.831847036257386208e-04
6.033195495605468750e+00 4.728999511718750000e+03 4.791511455550789833e-04
5.939770221710205078e+00 4.728794433593750000e+03 5.025434074923396111e-04
6.046535015106201172e+00 4.729101074218750000e+03 5.033169290982186794e-04
5.899895191192626953e+00 4.728536621093750000e+03 4.995285999029874802e-04
5.814108371734619141e+00 4.728163574218750000e+03 5.127244512550532818e-04
6.200529575347900391e+00 4.727997070312500000e+03 5.147625925019383430e-04
6.112634181976318359e+00 4.727954589843750000e+03 5.169756477698683739e-04
6.166700839996337891e+00 4.728143554687500000e+03 5.368737038224935532e-04
6.132865905761718750e+00 4.727874023437500000e+03 5.245983484201133251e-04
6.174357891082763672e+00 4.727687500000000000e+03 5.434320191852748394e-04
6.330970287322998047e+00 4.727162109375000000e+03 5.542538710869848728e-04
6.202274799346923828e+00 4.727441406250000000e+03 5.420711822807788849e-04
6.198308944702148438e+00 4.727436523437500000e+03 5.824527470394968987e-04
6.473431587219238281e+00 4.727197265625000000e+03 5.715278675779700279e-04
6.246928215026855469e+00 4.727291992187500000e+03 5.776669131591916084e-04
6.290422916412353516e+00 4.727050781250000000e+03 5.763950175605714321e-04
6.307714462280273438e+00 4.727583007812500000e+03 5.741186905652284622e-04
6.503765106201171875e+00 4.726235839843750000e+03 5.967648467049002647e-04
6.516479969024658203e+00 4.726573730468750000e+03 6.133816204965114594e-04
6.498362064361572266e+00 4.726497070312500000e+03 6.176363676786422729e-04
6.563385009765625000e+00 4.726433105468750000e+03 6.177894538268446922e-04
6.511602401733398438e+00 4.726533691406250000e+03 6.522943731397390366e-04
6.525603294372558594e+00 4.725625000000000000e+03 6.269625737331807613e-04
6.681552410125732422e+00 4.726148437500000000e+03 6.379252299666404724e-04
6.642951965332031250e+00 4.725999023437500000e+03 6.534514250233769417e-04
6.815328121185302734e+00 4.725876464843750000e+03 6.630085990764200687e-04
6.706923484802246094e+00 4.725249511718750000e+03 6.657162448391318321e-04
6.680552959442138672e+00 4.724759765625000000e+03 6.695164483971893787e-04
6.802715301513671875e+00 4.724795898437500000e+03 6.875512190163135529e-04
6.780086517333984375e+00 4.726007324218750000e+03 6.983318016864359379e-04
6.955509185791015625e+00 4.724553222656250000e+03 6.905326736159622669e-04
6.895683288574218750e+00 4.725046875000000000e+03 7.105647237040102482e-04
6.868276596069335938e+00 4.724586914062500000e+03 7.084889803081750870e-04
7.014838218688964844e+00 4.724753906250000000e+03 7.268735207617282867e-04
7.040719032287597656e+00 4.724748046875000000e+03 7.265956955961883068e-04
7.005552768707275391e+00 4.724309570312500000e+03 7.424849900417029858e-04
7.113716602325439453e+00 4.724147949218750000e+03 7.343472098000347614e-04
6.988646507263183594e+00 4.723437988281250000e+03 7.901436765678226948e-04
7.197739124298095703e+00 4.722924316406250000e+03 7.696072570979595184e-04
7.520998001098632812e+00 4.723586914062500000e+03 7.900048512965440750e-04
7.239578723907470703e+00 4.723102050781250000e+03 7.904117810539901257e-04
7.027405738830566406e+00 4.723543945312500000e+03 8.303688373416662216e-04
7.183918952941894531e+00 4.723272949218750000e+03 7.837091688998043537e-04
7.362627029418945312e+00 4.723619140625000000e+03 8.176296832971274853e-04
7.454296112060546875e+00 4.722595214843750000e+03 8.128502522595226765e-04
7.411533832550048828e+00 4.722924316406250000e+03 8.185278275050222874e-04
7.465190887451171875e+00 4.722547363281250000e+03 8.719284087419509888e-04
7.621979236602783203e+00 4.721895996093750000e+03 8.661641040816903114e-04
7.565197944641113281e+00 4.722045898437500000e+03 8.517367532476782799e-04
7.612761974334716797e+00 4.722157226562500000e+03 8.883550763130187988e-04
7.670680999755859375e+00 4.722110351562500000e+03 8.889288292266428471e-04
7.734309673309326172e+00 4.721913574218750000e+03 8.724473882466554642e-04
7.562362194061279297e+00 4.721750976562500000e+03 8.746352395974099636e-04
7.711928367614746094e+00 4.721836425781250000e+03 8.931854390539228916e-04
7.699480056762695312e+00 4.720824707031250000e+03 9.207451366819441319e-04
7.709764480590820312e+00 4.721458984375000000e+03 9.322995902039110661e-04
7.908223152160644531e+00 4.720638183593750000e+03 9.517500293441116810e-04
7.807231426239013672e+00 4.720050781250000000e+03 9.296641219407320023e-04
7.971841812133789062e+00 4.720252441406250000e+03 9.503279579803347588e-04
7.883659362792968750e+00 4.720831542968750000e+03 9.694851469248533249e-04
7.974158763885498047e+00 4.720520507812500000e+03 9.849476628005504608e-04
8.088498115539550781e+00 4.720269531250000000e+03 9.946315549314022064e-04
8.284164428710937500e+00 4.720348144531250000e+03 1.022274256683886051e-03
8.275677680969238281e+00 4.720706542968750000e+03 1.043086755089461803e-03
8.197221755981445312e+00 4.719442382812500000e+03 1.020310912281274796e-03
8.133802413940429688e+00 4.719269531250000000e+03 1.056059030815958977e-03
8.333537101745605469e+00 4.719333984375000000e+03 1.017414615489542484e-03
8.314807891845703125e+00 4.719023437500000000e+03 1.095690764486789703e-03
8.068504333496093750e+00 4.719282714843750000e+03 1.064411713741719723e-03
8.175759315490722656e+00 4.719203125000000000e+03 1.090081408619880676e-03
8.384836196899414062e+00 4.719351074218750000e+03 1.079010544344782829e-03
8.328343391418457031e+00 4.717958496093750000e+03 1.144930836744606495e-03
8.261884689331054688e+00 4.718400878906250000e+03 1.129238167777657509e-03
8.528255462646484375e+00 4.718663085937500000e+03 1.117750070989131927e-03
8.555113792419433594e+00 4.718397460937500000e+03 1.190485898405313492e-03
8.613381385803222656e+00 4.717985839843750000e+03 1.134737860411405563e-03
8.792778015136718750e+00 4.717802734375000000e+03 1.177726895548403263e-03
8.499498367309570312e+00 4.717531250000000000e+03 1.201260834932327271e-03
8.841091156005859375e+00 4.717800781250000000e+03 1.229190966114401817e-03
8.636406898498535156e+00 4.717402832031250000e+03 1.217052456922829151e-03
8.607168197631835938e+00 4.717046386718750000e+03 1.225972198881208897e-03
8.917547225952148438e+00 4.716222167968750000e+03 1.270572654902935028e-03
9.065075874328613281e+00 4.715813964843750000e+03 1.219022320583462715e-03
8.920548439025878906e+00 4.716216308593750000e+03 1.296263420954346657e-03
8.779876708984375000e+00 4.715866699218750000e+03 1.239741919562220573e-03
8.804074287414550781e+00 4.715500976562500000e+03 1.301795477047562599e-03
8.926184654235839844e+00 4.714909179687500000e+03 1.300760544836521149e-03
9.127400398254394531e+00 4.715563476562500000e+03 1.329035498201847076e-03
8.813876152038574219e+00 4.715009765625000000e+03 1.313059823587536812e-03
9.230269432067871094e+00 4.715075195312500000e+03 1.318258116953074932e-03
9.132106781005859375e+00 4.715703125000000000e+03 1.321876072324812412e-03
9.269527435302734375e+00 4.714755371093750000e+03 1.332517480477690697e-03
9.074430465698242188e+00 4.714949707031250000e+03 1.362813869491219521e-03
9.196623802185058594e+00 4.715047851562500000e+03 1.415935810655355453e-03
9.007836341857910156e+00 4.713987304687500000e+03 1.434276346117258072e-03
9.272389411926269531e+00 4.715056640625000000e+03 1.402025693096220493e-03
9.337896347045898438e+00 4.715024414062500000e+03 1.443408546037971973e-03
9.417806625366210938e+00 4.712987792968750000e+03 1.493810210376977921e-03
9.552973747253417969e+00 4.713048828125000000e+03 1.494163181632757187e-03
9.517596244812011719e+00 4.713316894531250000e+03 1.512704184278845787e-03
9.506756782531738281e+00 4.713122070312500000e+03 1.496762386523187160e-03
9.458109855651855469e+00 4.713380859375000000e+03 1.493184710852801800e-03
9.677761077880859375e+00 4.713224609375000000e+03 1.466763904318213463e-03
9.738531112670898438e+00 4.712695312500000000e+03 1.551430206745862961e-03
9.820955276489257812e+00 4.713454101562500000e+03 1.540389610454440117e-03
9.562432289123535156e+00 4.711732910156250000e+03 1.545615959912538528e-03
9.725496292114257812e+00 4.712581542968750000e+03 1.621560659259557724e-03
9.983344078063964844e+00 4.711433593750000000e+03 1.624875585548579693e-03
9.901809692382812500e+00 4.712393066406250000e+03 1.613879110664129257e-03
9.914972305297851562e+00 4.711558105468750000e+03 1.568454201333224773e-03
1.019579696655273438e+01 4.710599609375000000e+03 1.655316445976495743e-03
9.928127288818359375e+00 4.710716796875000000e+03 1.653928775340318680e-03
9.814727783203125000e+00 4.710843750000000000e+03 1.704200403764843941e-03
9.714420318603515625e+00 4.711405273437500000e+03 1.695716171525418758e-03
1.022685337066650391e+01 4.710969238281250000e+03 1.699766260571777821e-03
1.016423511505126953e+01 4.711624511718750000e+03 1.711943885311484337e-03
1.040735054016113281e+01 4.709230957031250000e+03 1.749129965901374817e-03
1.009958457946777344e+01 4.709205566406250000e+03 1.821243437007069588e-03
1.022959327697753906e+01 4.709955566406250000e+03 1.750291092321276665e-03
1.027169132232666016e+01 4.709069824218750000e+03 1.824047067202627659e-03
1.034589385986328125e+01 4.710114257812500000e+03 1.818218152038753033e-03
1.026928806304931641e+01 4.709166992187500000e+03 1.836950657889246941e-03
