5.412357859313488007e-04 3.799999023437500000e+03 6.094902685847836121e-13
6.533815758302807808e-04 3.799998535156250000e+03 1.235471577473723492e-12
8.486522710882127285e-04 3.799997802734375000e+03 2.341911387038209114e-12
1.079982961528003216e-03 3.799997070312500000e+03 4.469528479961182299e-12
1.361912698484957218e-03 3.799996337890625000e+03 9.180127144570171538e-12
1.685047289356589317e-03 3.799995361328125000e+03 1.511989491942422603e-11
2.027900656685233116e-03 3.799994384765625000e+03 2.281885444488374048e-11
2.414480550214648247e-03 3.799993164062500000e+03 3.368673742731864706e-11
2.862692112103104591e-03 3.799991699218750000e+03 5.224585347685106740e-11
3.234692849218845367e-03 3.799990966796875000e+03 6.734688501319752163e-11
3.604847239330410957e-03 3.799988769531250000e+03 9.835475489605727262e-11
4.204835277050733566e-03 3.799987304687500000e+03 1.324209353281702306e-10
4.839811474084854126e-03 3.799985351562500000e+03 1.851278297326786060e-10
5.290080793201923370e-03 3.799983642578125000e+03 2.123524411867805384e-10
6.058861501514911652e-03 3.799981933593750000e+03 2.792569508969222625e-10
6.384307518601417542e-03 3.799979736328125000e+03 3.546493931860794646e-10
7.094130851328372955e-03 3.799976562500000000e+03 4.417133603329403968e-10
7.774533238261938095e-03 3.799975097656250000e+03 5.472927111505043740e-10
8.318386971950531006e-03 3.799972167968750000e+03 6.862611590108258497e-10
9.169247001409530640e-03 3.799969970703125000e+03 7.667033119496124982e-10
1.007529161870479584e-02 3.799967773437500000e+03 8.977721899228185976e-10
1.074210274964570999e-02 3.799963867187500000e+03 1.137906768811092206e-09
1.136472541838884354e-02 3.799959716796875000e+03 1.341502575691322363e-09
1.227197609841823578e-02 3.799957031250000000e+03 1.513364988880994133e-09
1.294979918748140335e-02 3.799955322265625000e+03 1.689976603103104935e-09
1.418907847255468369e-02 3.799951904296875000e+03 2.037835677981547633e-09
1.498031336814165115e-02 3.799946533203125000e+03 2.543786958852933822e-09
1.622637175023555756e-02 3.799943847656250000e+03 2.758316242079672520e-09
1.695814915001392365e-02 3.799938476562500000e+03 3.234775780569520975e-09
1.813466101884841919e-02 3.799935302734375000e+03 3.609954779548729675e-09
1.908434554934501648e-02 3.799930419921875000e+03 4.156271327104832380e-09
2.037593722343444824e-02 3.799927001953125000e+03 4.546895304713416408e-09
2.134342864155769348e-02 3.799923095703125000e+03 5.096125743619950299e-09
2.301779389381408691e-02 3.799918945312500000e+03 5.323054885764122446e-09
2.381959930062294006e-02 3.799915771484375000e+03 6.044038158847797604e-09
2.580883353948593140e-02 3.799911621093750000e+03 7.540080559920170344e-09
2.672869339585304260e-02 3.799903564453125000e+03 7.676024260661051812e-09
2.730758674442768097e-02 3.799898193359375000e+03 9.469949269202970754e-09
2.970499917864799500e-02 3.799892089843750000e+03 9.926717225994252658e-09
3.102201595902442932e-02 3.799889892578125000e+03 1.137280492002901156e-08
3.250952810049057007e-02 3.799884521484375000e+03 1.180293551783506700e-08
3.481053188443183899e-02 3.799878417968750000e+03 1.284091943887233356e-08
3.577514737844467163e-02 3.799872070312500000e+03 1.454219145102797484e-08
3.820041194558143616e-02 3.799861572265625000e+03 1.472026767146417114e-08
3.934892266988754272e-02 3.799862060546875000e+03 1.806613880717122811e-08
4.094102233648300171e-02 3.799854248046875000e+03 1.926833625987001142e-08
4.181297123432159424e-02 3.799853759765625000e+03 2.198008708376164577e-08
4.483685269951820374e-02 3.799844970703125000e+03 2.324147274634924543e-08
4.652202874422073364e-02 3.799838623046875000e+03 2.645539787238249119e-08
4.866559430956840515e-02 3.799826660156250000e+03 2.560724965405825060e-08
4.989287629723548889e-02 3.799819335937500000e+03 3.052259955893532606e-08
5.172622948884963989e-02 3.799816650390625000e+03 2.947428967559062585e-08
5.467824637889862061e-02 3.799808837890625000e+03 3.187484054478773032e-08
5.667012184858322144e-02 3.799799316406250000e+03 3.814573190652481571e-08
5.881286785006523132e-02 3.799797607421875000e+03 3.978031060114517459e-08
6.022884696722030640e-02 3.799791259765625000e+03 4.149083565607725177e-08
6.170670315623283386e-02 3.799781250000000000e+03 4.308227019578225736e-08
6.486942619085311890e-02 3.799777587890625000e+03 4.989501434238263755e-08
6.819023191928863525e-02 3.799759033203125000e+03 5.200518771175666188e-08
6.936677545309066772e-02 3.799764892578125000e+03 5.515215661944239400e-08
7.076697051525115967e-02 3.799758056640625000e+03 5.881657827444541908e-08
7.432790845632553101e-02 3.799748291015625000e+03 6.312789224693915457e-08
7.642312347888946533e-02 3.799729492187500000e+03 6.120690443367493572e-08
7.821855694055557251e-02 3.799719970703125000e+03 7.013877478811991750e-08
8.156570792198181152e-02 3.799728271484375000e+03 7.608109342527313856e-08
8.448397368192672729e-02 3.799707275390625000e+03 7.787261324665450957e-08
8.564473688602447510e-02 3.799697021484375000e+03 8.533785234021706856e-08
9.082055091857910156e-02 3.799697753906250000e+03 9.348224239147384651e-08
9.305450320243835449e-02 3.799691894531250000e+03 9.367631292889200267e-08
9.563228487968444824e-02 3.799672119140625000e+03 1.005086289751488948e-07
9.744694828987121582e-02 3.799669677734375000e+03 1.052123010936156788e-07
1.020833998918533325e-01 3.799655761718750000e+03 1.178789545974723296e-07
1.017479076981544495e-01 3.799640625000000000e+03 1.195462004943692591e-07
1.074104458093643188e-01 3.799636474609375000e+03 1.267214457811860484e-07
1.083855703473091125e-01 3.799629394531250000e+03 1.388396100310274051e-07
1.137404069304466248e-01 3.799610839843750000e+03 1.542743888194308965e-07
1.145953685045242310e-01 3.799601806640625000e+03 1.501726671904179966e-07
1.184559464454650879e-01 3.799588623046875000e+03 1.685781256810514606e-07
1.235205903649330139e-01 3.799577636718750000e+03 1.744550246485232492e-07
1.281074583530426025e-01 3.799575195312500000e+03 1.761901273766852682e-07
1.288924962282180786e-01 3.799552490234375000e+03 1.850750805942880106e-07
1.344882100820541382e-01 3.799549804687500000e+03 1.940870220096257981e-07
1.351806521415710449e-01 3.799545654296875000e+03 2.099248632703165640e-07
1.409109830856323242e-01 3.799530517578125000e+03 2.204070170819250052e-07
1.445408314466476440e-01 3.799518798828125000e+03 2.188311896134109702e-07
1.480859965085983276e-01 3.799509521484375000e+03 2.354616128741326975e-07
1.493281573057174683e-01 3.799513916015625000e+03 2.555067624143703142e-07
1.552335768938064575e-01 3.799503906250000000e+03 2.680763202533853473e-07
1.588631868362426758e-01 3.799458496093750000e+03 2.566528962688607862e-07
1.667267531156539917e-01 3.799464111328125000e+03 2.806363852414506255e-07
1.688078492879867554e-01 3.799454345703125000e+03 2.984686489071464166e-07
1.740106344223022461e-01 3.799440429687500000e+03 3.038212241790461121e-07
1.772556304931640625e-01 3.799412841796875000e+03 3.153728584948112257e-07
1.790799945592880249e-01 3.799403564453125000e+03 3.435528412865096470e-07
1.827326416969299316e-01 3.799411132812500000e+03 3.647353423730237409e-07
1.899099051952362061e-01 3.799387207031250000e+03 3.660137508632033132e-07
1.924900859594345093e-01 3.799359375000000000e+03 4.009629037682316266e-07
1.972231864929199219e-01 3.799355468750000000e+03 3.912914507964160293e-07
2.032037228345870972e-01 3.799352783203125000e+03 4.176240793185570510e-07
2.099769115447998047e-01 3.799326416015625000e+03 4.590533535520080477e-07
2.131977677345275879e-01 3.799311035156250000e+03 4.903397439193213359e-07
2.226024866104125977e-01 3.799296875000000000e+03 5.029408498558041174e-07
2.232061028480529785e-01 3.799277343750000000e+03 5.004221748095005751e-07
2.260873168706893921e-01 3.799275390625000000e+03 5.413996859715553001e-07
2.294474840164184570e-01 3.799255371093750000e+03 5.519306682799651753e-07
2.324847728013992310e-01 3.799227294921875000e+03 6.055855692466138862e-07
2.420011907815933228e-01 3.799208496093750000e+03 6.045237910257128533e-07
2.478251457214355469e-01 3.799204833984375000e+03 6.343640279737883247e-07
2.486663460731506348e-01 3.799172851562500000e+03 6.616451742047502194e-07
2.658846974372863770e-01 3.799170166015625000e+03 6.686660753985051997e-07
2.684810459613800049e-01 3.799164062500000000e+03 7.122092711142613553e-07
2.728564143180847168e-01 3.799135253906250000e+03 7.257054335241264198e-07
2.785659432411193848e-01 3.799116943359375000e+03 7.516774758187239058e-07
2.900330722332000732e-01 3.799117675781250000e+03 8.296800046991847921e-07
2.888480424880981445e-01 3.799100097656250000e+03 8.542941714040352963e-07
3.001039624214172363e-01 3.799072265625000000e+03 8.965089364210143685e-07
2.977057695388793945e-01 3.799036132812500000e+03 9.248399237549165264e-07
3.068261146545410156e-01 3.799050537109375000e+03 9.256320936401607469e-07
3.127515017986297607e-01 3.799009277343750000e+03 9.881442792902817018e-07
3.227026462554931641e-01 3.798983642578125000e+03 1.034713704939349554e-06
3.252684473991394043e-01 3.798949218750000000e+03 1.023348431772319600e-06
3.340711593627929688e-01 3.798957275390625000e+03 1.112223117161192931e-06
3.384611308574676514e-01 3.798972656250000000e+03 1.119498278967512306e-06
3.418205976486206055e-01 3.798917236328125000e+03 1.200712176796514541e-06
3.537707030773162842e-01 3.798867675781250000e+03 1.283512119698571041e-06
3.645226955413818359e-01 3.798892578125000000e+03 1.282458470086567104e-06
3.683200478553771973e-01 3.798849853515625000e+03 1.356069333269260824e-06
3.742550313472747803e-01 3.798833251953125000e+03 1.401450504090462346e-06
3.746505677700042725e-01 3.798798095703125000e+03 1.456593508919468150e-06
3.918682932853698730e-01 3.798757812500000000e+03 1.455710389564046636e-06
4.044106006622314453e-01 3.798759033203125000e+03 1.566305854794336483e-06
4.054728746414184570e-01 3.798772949218750000e+03 1.476122633903287351e-06
4.140443801879882812e-01 3.798720947265625000e+03 1.672750499892572407e-06
4.309544563293457031e-01 3.798699707031250000e+03 1.686192717897938564e-06
4.191881418228149414e-01 3.798688476562500000e+03 1.741009327815845609e-06
4.306238293647766113e-01 3.798638671875000000e+03 1.847396902121545281e-06
4.404027760028839111e-01 3.798644287109375000e+03 1.939727553690318018e-06
4.468173682689666748e-01 3.798617431640625000e+03 2.005793021453428082e-06
4.601549804210662842e-01 3.798613037109375000e+03 2.062995008600410074e-06
4.633086025714874268e-01 3.798537353515625000e+03 2.133913540092180483e-06
4.677407145500183105e-01 3.798547363281250000e+03 2.268721800646744668e-06
4.713375568389892578e-01 3.798539306640625000e+03 2.249906856377492659e-06
4.833807349205017090e-01 3.798451416015625000e+03 2.290974634888698347e-06
4.886193573474884033e-01 3.798473632812500000e+03 2.403358848823700100e-06
5.181949138641357422e-01 3.798436523437500000e+03 2.430699623801046982e-06
5.204467773437500000e-01 3.798404052734375000e+03 2.477324642313760705e-06
5.251603722572326660e-01 3.798393310546875000e+03 2.729924517552717589e-06
5.227069854736328125e-01 3.798385986328125000e+03 2.688610038603655994e-06
5.357114672660827637e-01 3.798334228515625000e+03 2.843341917468933389e-06
5.438781380653381348e-01 3.798282958984375000e+03 3.126608817183296196e-06
5.703785419464111328e-01 3.798303222656250000e+03 2.970846026073559187e-06
5.653082728385925293e-01 3.798274658203125000e+03 3.028984792763367295e-06
5.760512351989746094e-01 3.798205322265625000e+03 3.153352508888929151e-06
5.803075432777404785e-01 3.798200927734375000e+03 3.490085418889066204e-06
5.924867987632751465e-01 3.798143554687500000e+03 3.428058562349178828e-06
5.903068184852600098e-01 3.798179687500000000e+03 3.658497917058411986e-06
6.123868823051452637e-01 3.798176757812500000e+03 3.609806071835919283e-06
6.289418935775756836e-01 3.798017578125000000e+03 3.629600541898980737e-06
6.420009136199951172e-01 3.798022705078125000e+03 3.879141331708524376e-06
6.223174333572387695e-01 3.798008789062500000e+03 3.934806045435834676e-06
6.544147729873657227e-01 3.797993408203125000e+03 3.875388756569009274e-06
6.529065370559692383e-01 3.798043701171875000e+03 4.141018962400266901e-06
6.790202260017395020e-01 3.797952392578125000e+03 4.303994501242414117e-06
6.803590059280395508e-01 3.797941162109375000e+03 4.230110789649188519e-06
6.828814148902893066e-01 3.797853271484375000e+03 4.529097168415319175e-06
6.967914104461669922e-01 3.797886230468750000e+03 4.836429980059619993e-06
7.089605331420898438e-01 3.797860595703125000e+03 4.903435183223336935e-06
7.234199643135070801e-01 3.797777832031250000e+03 4.957534656568896025e-06
7.173185944557189941e-01 3.797801513671875000e+03 5.443911504698917270e-06
7.395321130752563477e-01 3.797752441406250000e+03 5.208941729506477714e-06
7.362378239631652832e-01 3.797742675781250000e+03 5.381813934945967048e-06
7.422212958335876465e-01 3.797657958984375000e+03 5.374033207772299647e-06
7.709227204322814941e-01 3.797593505859375000e+03 5.781841991847613826e-06
8.089367151260375977e-01 3.797539062500000000e+03 5.740782398788724095e-06
7.746062278747558594e-01 3.797603759765625000e+03 5.994900675432290882e-06
7.810416817665100098e-01 3.797580566406250000e+03 6.237602065084502101e-06
8.070534467697143555e-01 3.797477294921875000e+03 6.371549716277513653e-06
8.279007077217102051e-01 3.797487548828125000e+03 6.489606221293797716e-06
8.337118625640869141e-01 3.797509521484375000e+03 6.677059900539461523e-06
8.394188880920410156e-01 3.797462158203125000e+03 6.900228981976397336e-06
8.479970693588256836e-01 3.797381347656250000e+03 6.970731192268431187e-06
8.727859854698181152e-01 3.797339843750000000e+03 7.305839062610175461e-06
8.704393506050109863e-01 3.797339599609375000e+03 7.459929747710702941e-06
9.044164419174194336e-01 3.797331054687500000e+03 7.672410902159754187e-06
8.892104029655456543e-01 3.797154052734375000e+03 7.915970854810439050e-06
9.028244614601135254e-01 3.797242187500000000e+03 8.094147233350668103e-06
9.197077751159667969e-01 3.797254394531250000e+03 8.746223102207295597e-06
9.353332519531250000e-01 3.797218017578125000e+03 8.436122698185499758e-06
9.521459937095642090e-01 3.797158691406250000e+03 8.466573490295559168e-06
9.476749897003173828e-01 3.797036621093750000e+03 8.766432074480690062e-06
9.614447951316833496e-01 3.797040771484375000e+03 8.620532753411680460e-06
9.779224395751953125e-01 3.796947021484375000e+03 9.188494004774838686e-06
9.788269996643066406e-01 3.796974121093750000e+03 9.629864507587626576e-06
1.013427853584289551e+00 3.796967041015625000e+03 9.764557034941390157e-06
1.047556400299072266e+00 3.796903076171875000e+03 1.023770346364472061e-05
1.033590912818908691e+00 3.796826171875000000e+03 9.855984899331815541e-06
1.066713690757751465e+00 3.796869140625000000e+03 1.033733497024513781e-05
1.063340783119201660e+00 3.796821777343750000e+03 1.070104553946293890e-05
1.087989330291748047e+00 3.796818603515625000e+03 1.062967476173071191e-05
1.105117201805114746e+00 3.796745117187500000e+03 1.140416134148836136e-05
1.097706198692321777e+00 3.796702636718750000e+03 1.151134893007110804e-05
1.107965826988220215e+00 3.796706298828125000e+03 1.197987421619473025e-05
1.135751605033874512e+00 3.796531005859375000e+03 1.254177550435997546e-05
1.151387095451354980e+00 3.796538818359375000e+03 1.213382256537443027e-05
1.161308288574218750e+00 3.796471435546875000e+03 1.248405260412255302e-05
1.156288623809814453e+00 3.796471923828125000e+03 1.218345551023958251e-05
1.185886621475219727e+00 3.796445800781250000e+03 1.330805298493942246e-05
1.184268236160278320e+00 3.796339111328125000e+03 1.363335741189075634e-05
1.202140688896179199e+00 3.796311523437500000e+03 1.433059696864802390e-05
1.211157917976379395e+00 3.796222900390625000e+03 1.424666334060020745e-05
1.219328403472900391e+00 3.796196777343750000e+03 1.437961145711597055e-05
1.211488723754882812e+00 3.796277587890625000e+03 1.474429973313817754e-05
1.275855660438537598e+00 3.796105712890625000e+03 1.589610474184155464e-05
1.255644083023071289e+00 3.796109130859375000e+03 1.469248854846227914e-05
1.272469043731689453e+00 3.796108886718750000e+03 1.628241079743020236e-05
1.303615570068359375e+00 3.796108886718750000e+03 1.611919651622883976e-05
1.320065855979919434e+00 3.796033691406250000e+03 1.752416574163362384e-05
1.313280224800109863e+00 3.796091552734375000e+03 1.742739186738617718e-05
1.327829480171203613e+00 3.795890625000000000e+03 1.773973417584784329e-05
1.351320862770080566e+00 3.795913818359375000e+03 1.754939694365020841e-05
1.376504778861999512e+00 3.795856689453125000e+03 1.823541242629289627e-05
1.383351445198059082e+00 3.795707763671875000e+03 1.845487895479891449e-05
1.403480291366577148e+00 3.795706054687500000e+03 1.925535980262793601e-05
1.414664506912231445e+00 3.795832275390625000e+03 1.846225131885148585e-05
1.426083087921142578e+00 3.795801757812500000e+03 2.010418756981380284e-05
1.419604182243347168e+00 3.795533203125000000e+03 1.969894947251304984e-05
1.456415653228759766e+00 3.795528808593750000e+03 2.088432484015356749e-05
1.476282715797424316e+00 3.795529052734375000e+03 2.128044070559553802e-05
1.452764153480529785e+00 3.795480957031250000e+03 2.163959288736805320e-05
1.521997928619384766e+00 3.795466552734375000e+03 2.086740641971118748e-05
1.547004342079162598e+00 3.795430908203125000e+03 2.198261245212052017e-05
1.576903939247131348e+00 3.795239990234375000e+03 2.114454400725662708e-05
1.519162893295288086e+00 3.795234863281250000e+03 2.392431633779779077e-05
1.578984141349792480e+00 3.795231445312500000e+03 2.416142160654999316e-05
1.567405104637145996e+00 3.795064208984375000e+03 2.435230453556869179e-05
1.626153588294982910e+00 3.795124755859375000e+03 2.416373718006070703e-05
1.615914344787597656e+00 3.794973632812500000e+03 2.586470145615749061e-05
1.586384654045104980e+00 3.794937500000000000e+03 2.641682840476278216e-05
1.663104295730590820e+00 3.794930419921875000e+03 2.586934897408355027e-05
1.670346260070800781e+00 3.794962646484375000e+03 2.655260504980105907e-05
1.715093731880187988e+00 3.794801757812500000e+03 2.795269392663612962e-05
1.687813758850097656e+00 3.794677246093750000e+03 2.860002859961241484e-05
1.711030602455139160e+00 3.794703125000000000e+03 2.931171911768615246e-05
1.703047990798950195e+00 3.794614013671875000e+03 2.896148544095922261e-05
1.747848033905029297e+00 3.794595214843750000e+03 3.066629506065510213e-05
1.749445199966430664e+00 3.794624267578125000e+03 3.135927909170277417e-05
1.773171663284301758e+00 3.794651855468750000e+03 2.991172004840336740e-05
1.811531543731689453e+00 3.794391113281250000e+03 3.269689477747306228e-05
1.772967338562011719e+00 3.794331542968750000e+03 3.364039730513468385e-05
1.814331293106079102e+00 3.794283447265625000e+03 3.290083986939862370e-05
1.877068161964416504e+00 3.794285400390625000e+03 3.299041782156564295e-05
1.864892840385437012e+00 3.794264404296875000e+03 3.368086254340596497e-05
1.877552747726440430e+00 3.794270507812500000e+03 3.555086004780605435e-05
1.895898461341857910e+00 3.794040771484375000e+03 3.524613930494524539e-05
1.930818557739257812e+00 3.794231201171875000e+03 3.605411257012747228e-05
1.947414040565490723e+00 3.793958984375000000e+03 3.547219967003911734e-05
1.971163868904113770e+00 3.793898437500000000e+03 3.766038935282267630e-05
1.945041179656982422e+00 3.793938476562500000e+03 3.700693196151405573e-05
1.987387537956237793e+00 3.793672119140625000e+03 3.893426037393510342e-05
2.041706562042236328e+00 3.793864257812500000e+03 4.052191798109561205e-05
2.063568830490112305e+00 3.793778564453125000e+03 4.098386853002011776e-05
2.078030824661254883e+00 3.793782226562500000e+03 4.301908120396547019e-05
2.038884639739990234e+00 3.793590332031250000e+03 4.303540481487289071e-05
2.082792520523071289e+00 3.793570068359375000e+03 4.340554733062162995e-05
2.091061115264892578e+00 3.793519042968750000e+03 4.162524055573157966e-05
2.097304821014404297e+00 3.793292480468750000e+03 4.455290763871744275e-05
2.131877899169921875e+00 3.793273437500000000e+03 4.400350007927045226e-05
2.230152845382690430e+00 3.793213378906250000e+03 4.382713814266026020e-05
2.214591979980468750e+00 3.793188964843750000e+03 4.821277980227023363e-05
2.212168216705322266e+00 3.793242187500000000e+03 4.860781700699590147e-05
2.214564323425292969e+00 3.793018554687500000e+03 4.841620466322638094e-05
2.245231151580810547e+00 3.792944824218750000e+03 5.169306677998974919e-05
2.340738058090209961e+00 3.793093261718750000e+03 5.044566933065652847e-05
2.283531188964843750e+00 3.792774658203125000e+03 5.136437539476901293e-05
2.325349569320678711e+00 3.792844970703125000e+03 5.180073640076443553e-05
2.301366329193115234e+00 3.792830322265625000e+03 5.213790427660569549e-05
2.341925382614135742e+00 3.792957031250000000e+03 5.563183367485180497e-05
2.404709577560424805e+00 3.792784912109375000e+03 5.448637602967210114e-05
2.376886367797851562e+00 3.792678710937500000e+03 5.574245005846023560e-05
2.420405387878417969e+00 3.792595947265625000e+03 5.644365592161193490e-05
2.458410501480102539e+00 3.792581787109375000e+03 5.858151780557818711e-05
2.465790748596191406e+00 3.792422851562500000e+03 5.819637954118661582e-05
2.461181879043579102e+00 3.792525878906250000e+03 6.122411286924034357e-05
2.429459810256958008e+00 3.792015625000000000e+03 6.355349614750593901e-05
2.496498584747314453e+00 3.792206298828125000e+03 6.491497333627194166e-05
2.531250000000000000e+00 3.792187988281250000e+03 6.569308607140555978e-05
2.512736320495605469e+00 3.792003662109375000e+03 6.350803596433252096e-05
2.585157155990600586e+00 3.791877929687500000e+03 6.779372051823884249e-05
2.584269285202026367e+00 3.792013671875000000e+03 6.586409290321171284e-05
2.631661653518676758e+00 3.791920898437500000e+03 6.794226646889001131e-05
2.644706726074218750e+00 3.792027587890625000e+03 7.010443368926644325e-05
2.683494329452514648e+00 3.791862060546875000e+03 7.089947030181065202e-05
2.690740823745727539e+00 3.791879882812500000e+03 7.097557681845501065e-05
2.711634159088134766e+00 3.791650390625000000e+03 7.445529627148061991e-05
2.655686855316162109e+00 3.791471191406250000e+03 7.292715599760413170e-05
2.771443605422973633e+00 3.791637207031250000e+03 7.411345723085105419e-05
2.741977214813232422e+00 3.791266845703125000e+03 7.732670201221480966e-05
2.772043228149414062e+00 3.791288330078125000e+03 7.978141366038471460e-05
2.752536296844482422e+00 3.791275878906250000e+03 8.131595677696168423e-05
2.797649145126342773e+00 3.791426513671875000e+03 8.445481216767802835e-05
2.876014709472656250e+00 3.791130126953125000e+03 8.211210661102086306e-05
2.845072269439697266e+00 3.791006835937500000e+03 8.327070827363058925e-05
2.891724586486816406e+00 3.790826171875000000e+03 8.211536624003201723e-05
2.914498090744018555e+00 3.790845458984375000e+03 8.681298641022294760e-05
2.962198257446289062e+00 3.790916259765625000e+03 8.877978689270094037e-05
2.998116493225097656e+00 3.790725341796875000e+03 8.721783524379134178e-05
3.011696100234985352e+00 3.790722656250000000e+03 9.032935486175119877e-05
3.018780708312988281e+00 3.790442871093750000e+03 9.227274131262674928e-05
3.043407201766967773e+00 3.790554931640625000e+03 9.543688065605238080e-05
3.010982275009155273e+00 3.790224853515625000e+03 9.583205974195152521e-05
3.119209051132202148e+00 3.790378417968750000e+03 9.725974814500659704e-05
3.068541526794433594e+00 3.790117675781250000e+03 9.585989755578339100e-05
3.099285602569580078e+00 3.790075683593750000e+03 1.011961940093897283e-04
3.148543119430541992e+00 3.790195312500000000e+03 1.058935231412760913e-04
3.178926944732666016e+00 3.789778564453125000e+03 9.785193833522498608e-05
3.150874614715576172e+00 3.790129150390625000e+03 1.024163793772459030e-04
3.223077297210693359e+00 3.789827148437500000e+03 1.124348491430282593e-04
3.214663028717041016e+00 3.789851806640625000e+03 1.062661613104864955e-04
3.226598024368286133e+00 3.790007324218750000e+03 1.082077142200432718e-04
3.331516504287719727e+00 3.789656738281250000e+03 1.117218052968382835e-04
3.303778886795043945e+00 3.789567626953125000e+03 1.154348792624659836e-04
3.257118463516235352e+00 3.789521728515625000e+03 1.147387592936865985e-04
3.370726585388183594e+00 3.789431640625000000e+03 1.180793697130866349e-04
3.363946914672851562e+00 3.789383789062500000e+03 1.202456114697270095e-04
3.449716567993164062e+00 3.789247314453125000e+03 1.262973237317055464e-04
3.446658372879028320e+00 3.789168212890625000e+03 1.208965986734256148e-04
3.455229043960571289e+00 3.789228027343750000e+03 1.177755038952454925e-04
3.471188545227050781e+00 3.789012695312500000e+03 1.263025624211877584e-04
3.524560689926147461e+00 3.788608642578125000e+03 1.208555040648207068e-04
3.567050218582153320e+00 3.789078613281250000e+03 1.281162694795057178e-04
3.577013015747070312e+00 3.788812011718750000e+03 1.328442740486934781e-04
3.591812610626220703e+00 3.788657470703125000e+03 1.381742185913026333e-04
3.576350927352905273e+00 3.788676757812500000e+03 1.317482237936928868e-04
3.624453067779541016e+00 3.788322509765625000e+03 1.398731983499601483e-04
3.606430768966674805e+00 3.788374267578125000e+03 1.415230508428066969e-04
3.719477415084838867e+00 3.788177001953125000e+03 1.456015161238610744e-04
3.656636476516723633e+00 3.788161621093750000e+03 1.438731123926118016e-04
3.772774219512939453e+00 3.788091552734375000e+03 1.491223520133644342e-04
3.794249773025512695e+00 3.787924316406250000e+03 1.453876902814954519e-04
3.869577884674072266e+00 3.787897705078125000e+03 1.469201961299404502e-04
3.788172006607055664e+00 3.787790527343750000e+03 1.456885074730962515e-04
3.906176805496215820e+00 3.788248779296875000e+03 1.513310126028954983e-04
3.850243568420410156e+00 3.787731933593750000e+03 1.567171566421166062e-04
3.915838956832885742e+00 3.787500732421875000e+03 1.574478519614785910e-04
3.893784284591674805e+00 3.787314208984375000e+03 1.631231280043721199e-04
3.960120677947998047e+00 3.787592529296875000e+03 1.618116948520764709e-04
4.028927803039550781e+00 3.787499511718750000e+03 1.692985970294103026e-04
4.052115917205810547e+00 3.787224121093750000e+03 1.693782978691160679e-04
4.042881011962890625e+00 3.787275390625000000e+03 1.707789342617616057e-04
3.910506725311279297e+00 3.787016357421875000e+03 1.738547871354967356e-04
4.060986042022705078e+00 3.787154785156250000e+03 1.746666239341720939e-04
4.115786552429199219e+00 3.787530761718750000e+03 1.681542198639363050e-04
4.143104076385498047e+00 3.786975341796875000e+03 1.755786797730252147e-04
4.200968265533447266e+00 3.786792480468750000e+03 1.860303455032408237e-04
4.203714370727539062e+00 3.786746337890625000e+03 1.858015602920204401e-04
4.059556007385253906e+00 3.786429443359375000e+03 1.861046621343120933e-04
4.197287082672119141e+00 3.786029052734375000e+03 1.965383416973054409e-04
4.257918834686279297e+00 3.786181884765625000e+03 1.950071891769766808e-04
4.248618125915527344e+00 3.786128906250000000e+03 1.954458275577053428e-04
4.323282718658447266e+00 3.785987548828125000e+03 1.950948499143123627e-04
4.381457805633544922e+00 3.786238281250000000e+03 2.008394221775233746e-04
4.420491218566894531e+00 3.785808349609375000e+03 2.049989707302302122e-04
4.431956768035888672e+00 3.785763671875000000e+03 2.083985891658812761e-04
4.453022956848144531e+00 3.785601562500000000e+03 2.205230994150042534e-04
4.620507240295410156e+00 3.785940429687500000e+03 2.142159210052341223e-04
4.520503997802734375e+00 3.785468750000000000e+03 2.151372609660029411e-04
4.531925201416015625e+00 3.785474853515625000e+03 2.195793204009532928e-04
4.570595741271972656e+00 3.785122070312500000e+03 2.233930281363427639e-04
4.624624729156494141e+00 3.785389404296875000e+03 2.175618428736925125e-04
4.461096286773681641e+00 3.785313232421875000e+03 2.190375380450859666e-04
4.667091369628906250e+00 3.785037353515625000e+03 2.300740889040753245e-04
4.677866935729980469e+00 3.784792724609375000e+03 2.233438426628708839e-04
4.700123786926269531e+00 3.784625000000000000e+03 2.433146873954683542e-04
4.715008735656738281e+00 3.784708984375000000e+03 2.509131154511123896e-04
4.737330436706542969e+00 3.784348632812500000e+03 2.485965378582477570e-04
4.707331657409667969e+00 3.784525878906250000e+03 2.455295471008867025e-04
4.738418579101562500e+00 3.784928222656250000e+03 2.573406673036515713e-04
4.746255874633789062e+00 3.784535400390625000e+03 2.494952641427516937e-04
4.895970821380615234e+00 3.784339843750000000e+03 2.536447718739509583e-04
4.900252342224121094e+00 3.784063720703125000e+03 2.632294199429452419e-04
4.856731414794921875e+00 3.783795654296875000e+03 2.674099232535809278e-04
4.902645111083984375e+00 3.783848632812500000e+03 2.542775182519108057e-04
4.875441074371337891e+00 3.784131591796875000e+03 2.671396359801292419e-04
4.905052185058593750e+00 3.783604003906250000e+03 2.786828263197094202e-04
5.129660129547119141e+00 3.783598876953125000e+03 2.919067046605050564e-04
5.124845027923583984e+00 3.783533935546875000e+03 2.780248760245740414e-04
5.245072841644287109e+00 3.783209228515625000e+03 2.805480617098510265e-04
5.127013683319091797e+00 3.783296142578125000e+03 2.873129851650446653e-04
5.162265300750732422e+00 3.783512695312500000e+03 2.947094908449798822e-04
5.239608287811279297e+00 3.783561767578125000e+03 2.942216233350336552e-04
5.282045364379882812e+00 3.782985595703125000e+03 2.898071543313562870e-04
5.296892642974853516e+00 3.783195312500000000e+03 3.133770078420639038e-04
5.337834358215332031e+00 3.782809326171875000e+03 3.074276610277593136e-04
5.285081386566162109e+00 3.782663085937500000e+03 3.167290706187486649e-04
5.369495391845703125e+00 3.782268066406250000e+03 3.134883590973913670e-04
5.448844909667968750e+00 3.782479248046875000e+03 3.077802248299121857e-04
5.411321640014648438e+00 3.782253417968750000e+03 3.398138796910643578e-04
5.444539546966552734e+00 3.782156250000000000e+03 3.358260728418827057e-04
5.405685901641845703e+00 3.782494384765625000e+03 3.234062751289457083e-04
5.570963382720947266e+00 3.781939453125000000e+03 3.189229173585772514e-04
5.520120620727539062e+00 3.782054443359375000e+03 3.457252751104533672e-04
5.579882144927978516e+00 3.782328613281250000e+03 3.520900208968669176e-04
5.580540180206298828e+00 3.781490234375000000e+03 3.512966795824468136e-04
5.593649864196777344e+00 3.781651367187500000e+03 3.572357236407697201e-04
5.696048736572265625e+00 3.781307128906250000e+03 3.666695265565067530e-04
5.650701045989990234e+00 3.781357910156250000e+03 3.592394932638853788e-04
5.624491214752197266e+00 3.781144531250000000e+03 3.662167000584304333e-04
5.759280681610107422e+00 3.781260498046875000e+03 3.714848426170647144e-04
5.811415195465087891e+00 3.781085205078125000e+03 3.809389309026300907e-04
5.873291492462158203e+00 3.781189941406250000e+03 3.717819054145365953e-04
5.830707550048828125e+00 3.780652099609375000e+03 3.773451317101716995e-04
5.840772628784179688e+00 3.780583251953125000e+03 3.809131449088454247e-04
5.773302555084228516e+00 3.780710937500000000e+03 4.075031320098787546e-04
5.899930000305175781e+00 3.780529296875000000e+03 3.949883976019918919e-04
5.922792434692382812e+00 3.780012939453125000e+03 3.943149640690535307e-04
6.119232654571533203e+00 3.779988281250000000e+03 4.186786827631294727e-04
5.889918804168701172e+00 3.780309814453125000e+03 4.236446693539619446e-04
5.956397056579589844e+00 3.780240966796875000e+03 4.123644321225583553e-04
6.229866027832031250e+00 3.779726562500000000e+03 4.056732286699116230e-04
6.026049613952636719e+00 3.779924072265625000e+03 4.277401021681725979e-04
6.152473926544189453e+00 3.780293457031250000e+03 4.120742960367351770e-04
6.163256645202636719e+00 3.779814453125000000e+03 4.298041749279946089e-04
6.217367172241210938e+00 3.778958740234375000e+03 4.501951916608959436e-04
6.312853336334228516e+00 3.779610107421875000e+03 4.469275008887052536e-04
6.247818470001220703e+00 3.778952392578125000e+03 4.623873392120003700e-04
6.205417633056640625e+00 3.778803222656250000e+03 4.542958049569278955e-04
6.441005229949951172e+00 3.779379150390625000e+03 4.673808871302753687e-04
6.408876419067382812e+00 3.778567871093750000e+03 4.599582462105900049e-04
6.416097640991210938e+00 3.778278808593750000e+03 4.747149068862199783e-04
6.433346271514892578e+00 3.778824462890625000e+03 4.674665979109704494e-04
6.446258544921875000e+00 3.777819091796875000e+03 4.786941572092473507e-04
6.583172321319580078e+00 3.778376220703125000e+03 4.849625111091881990e-04
6.411303520202636719e+00 3.777974853515625000e+03 5.127539043314754963e-04
6.548518657684326172e+00 3.777860351562500000e+03 5.150266806595027447e-04
6.619522094726562500e+00 3.777946777343750000e+03 4.954508622176945210e-04
6.673531055450439453e+00 3.777537109375000000e+03 4.986206768080592155e-04
6.533260822296142578e+00 3.778381591796875000e+03 5.190395750105381012e-04
6.552678108215332031e+00 3.777465332031250000e+03 5.274883587844669819e-04
6.684331417083740234e+00 3.777775634765625000e+03 5.171097000129520893e-04
6.969709873199462891e+00 3.777178955078125000e+03 5.323017830960452557e-04
6.903035163879394531e+00 3.776941162109375000e+03 5.502047715708613396e-04
6.905287265777587891e+00 3.776962890625000000e+03 5.533638177439570427e-04
6.819791793823242188e+00 3.777399658203125000e+03 5.579295102506875992e-04
6.746871471405029297e+00 3.776659179687500000e+03 5.443454138003289700e-04
6.886266708374023438e+00 3.776995361328125000e+03 5.588289932347834110e-04
7.004826545715332031e+00 3.776643798828125000e+03 5.904699210077524185e-04
7.096600055694580078e+00 3.776605712890625000e+03 5.986670730635523796e-04
6.954960346221923828e+00 3.776119140625000000e+03 5.770626594312489033e-04
7.150663375854492188e+00 3.776266601562500000e+03 5.930882180109620094e-04
7.174075126647949219e+00 3.775767333984375000e+03 5.828911671414971352e-04
7.059620857238769531e+00 3.776233398437500000e+03 5.917799426242709160e-04
7.098953247070312500e+00 3.775159667968750000e+03 6.029019132256507874e-04
7.148947238922119141e+00 3.775399902343750000e+03 6.204299279488623142e-04
7.032185077667236328e+00 3.775274658203125000e+03 6.346456357277929783e-04
7.238686084747314453e+00 3.775974609375000000e+03 6.473840912804007530e-04
7.231858730316162109e+00 3.775344238281250000e+03 6.217889022082090378e-04
7.200511455535888672e+00 3.775624267578125000e+03 6.514202686958014965e-04
7.417720317840576172e+00 3.775127441406250000e+03 6.437434349209070206e-04
7.391458988189697266e+00 3.774493164062500000e+03 6.658592610619962215e-04
7.561014652252197266e+00 3.775188476562500000e+03 6.542679620906710625e-04
7.573696613311767578e+00 3.775060791015625000e+03 6.775262299925088882e-04
7.559980392456054688e+00 3.774149902343750000e+03 6.752396002411842346e-04
7.427089691162109375e+00 3.774744873046875000e+03 6.857121479697525501e-04
7.646755218505859375e+00 3.774108154296875000e+03 6.980149191804230213e-04
7.540833950042724609e+00 3.774352294921875000e+03 7.126046693883836269e-04
7.679775714874267578e+00 3.773852539062500000e+03 6.865404429845511913e-04
7.662922859191894531e+00 3.773998046875000000e+03 7.488835835829377174e-04
7.726060867309570312e+00 3.773849609375000000e+03 7.464139489457011223e-04
7.717137813568115234e+00 3.773923339843750000e+03 7.270951173268258572e-04
7.874331474304199219e+00 3.773205810546875000e+03 7.053942536003887653e-04
7.630715370178222656e+00 3.773194335937500000e+03 7.246774621307849884e-04
7.989443778991699219e+00 3.772656005859375000e+03 7.639956311322748661e-04
7.785665512084960938e+00 3.773421386718750000e+03 7.984755211509764194e-04
7.808984279632568359e+00 3.772769775390625000e+03 7.419081521220505238e-04
7.956797599792480469e+00 3.772683105468750000e+03 8.026239229366183281e-04
7.934997558593750000e+00 3.772027587890625000e+03 7.455552695319056511e-04
7.837818145751953125e+00 3.771877441406250000e+03 8.000355446711182594e-04
7.950751781463623047e+00 3.772374755859375000e+03 7.938197813928127289e-04
8.127204895019531250e+00 3.772090332031250000e+03 7.931636646389961243e-04
8.103548049926757812e+00 3.771548828125000000e+03 8.338453480973839760e-04
8.248758316040039062e+00 3.771269287109375000e+03 8.218247094191610813e-04
7.941582202911376953e+00 3.771048339843750000e+03 8.256888249889016151e-04
8.230423927307128906e+00 3.771682861328125000e+03 8.543804287910461426e-04
8.368900299072265625e+00 3.771929687500000000e+03 8.532906649634242058e-04
8.184686660766601562e+00 3.771906494140625000e+03 8.478075033053755760e-04
8.401260375976562500e+00 3.771132324218750000e+03 8.811629959382116795e-04
8.479740142822265625e+00 3.770744140625000000e+03 8.674964774399995804e-04
8.641444206237792969e+00 3.770904541015625000e+03 9.010405046865344048e-04
8.632822990417480469e+00 3.770834472656250000e+03 9.205820388160645962e-04
8.658044815063476562e+00 3.770214843750000000e+03 8.966788882389664650e-04
8.574137687683105469e+00 3.770013427734375000e+03 9.305980056524276733e-04
8.680312156677246094e+00 3.769645263671875000e+03 9.298257646150887012e-04
8.765472412109375000e+00 3.770087646484375000e+03 9.155281586572527885e-04
8.667081832885742188e+00 3.769887695312500000e+03 9.230116847902536392e-04
8.617396354675292969e+00 3.770193847656250000e+03 9.795592632144689560e-04
8.610853195190429688e+00 3.768696289062500000e+03 9.521665051579475403e-04
8.793914794921875000e+00 3.770073242187500000e+03 9.384259465150535107e-04
8.903746604919433594e+00 3.769418701171875000e+03 9.495986159890890121e-04
8.604918479919433594e+00 3.769934570312500000e+03 9.705778211355209351e-04
8.898855209350585938e+00 3.768522460937500000e+03 1.000549062155187130e-03
