2.784175798296928406e-02 8.999556274414062500e+02 5.027201765983591031e-08
3.815789520740509033e-02 8.999396362304687500e+02 9.161175995586745557e-08
4.871134459972381592e-02 8.999229125976562500e+02 1.652750114544687676e-07
6.098255515098571777e-02 8.999050292968750000e+02 2.733191024617553921e-07
7.471603900194168091e-02 8.998834228515625000e+02 4.032699791878258111e-07
9.114282578229904175e-02 8.998602905273437500e+02 6.136478987173177302e-07
1.050358936190605164e-01 8.998388061523437500e+02 9.234194635610037949e-07
1.270989328622817993e-01 8.997998657226562500e+02 1.221118168359680567e-06
1.451895833015441895e-01 8.997789306640625000e+02 1.624532956157054286e-06
1.683107614517211914e-01 8.997391967773437500e+02 2.182916887250030413e-06
1.925729364156723022e-01 8.997070312500000000e+02 2.987387688335729763e-06
2.108485847711563110e-01 8.996648559570312500e+02 3.746002903426415287e-06
2.421868741512298584e-01 8.996417846679687500e+02 4.914552391710458323e-06
2.690309882164001465e-01 8.995983276367187500e+02 6.079613740439526737e-06
2.980804145336151123e-01 8.995452270507812500e+02 7.572038157377392054e-06
3.289096057415008545e-01 8.994795532226562500e+02 9.014581337396521121e-06
3.654977679252624512e-01 8.994318847656250000e+02 1.165984485851367936e-05
3.992424011230468750e-01 8.994085693359375000e+02 1.449608680559322238e-05
4.361498355865478516e-01 8.993468017578125000e+02 1.674174200161360204e-05
4.741304516792297363e-01 8.992800292968750000e+02 2.179212424380239099e-05
5.226772427558898926e-01 8.992025756835937500e+02 2.370856236666440964e-05
5.567674040794372559e-01 8.991564331054687500e+02 2.978699558298103511e-05
6.009846329689025879e-01 8.990662231445312500e+02 3.442872912273742259e-05
6.368403434753417969e-01 8.990366821289062500e+02 4.010221891803666949e-05
7.048311829566955566e-01 8.989196777343750000e+02 4.743887257063761353e-05
7.536618709564208984e-01 8.988634033203125000e+02 5.553795199375599623e-05
8.112359642982482910e-01 8.987623291015625000e+02 6.422674778150394559e-05
8.627301454544067383e-01 8.986640625000000000e+02 7.146695133997127414e-05
9.135265946388244629e-01 8.986125488281250000e+02 8.026067371247336268e-05
9.770267605781555176e-01 8.984910888671875000e+02 9.296043572248890996e-05
1.044528365135192871e+00 8.984580688476562500e+02 1.086631091311573982e-04
1.106124401092529297e+00 8.982780761718750000e+02 1.219347323058173060e-04
1.172264099121093750e+00 8.982680664062500000e+02 1.372441620333120227e-04
1.224380731582641602e+00 8.981921386718750000e+02 1.615349610801786184e-04
1.291263818740844727e+00 8.980573120117187500e+02 1.824419887270778418e-04
1.389609217643737793e+00 8.978691406250000000e+02 1.988345757126808167e-04
1.457918643951416016e+00 8.977813720703125000e+02 2.187990612583234906e-04
1.514381051063537598e+00 8.976713867187500000e+02 2.518816618248820305e-04
1.603440642356872559e+00 8.974440917968750000e+02 2.886022266466170549e-04
1.720291972160339355e+00 8.974722900390625000e+02 3.170519194100052118e-04
1.764680147171020508e+00 8.973356933593750000e+02 3.512366092763841152e-04
1.883085370063781738e+00 8.971835937500000000e+02 3.921197494491934776e-04
1.943260669708251953e+00 8.971040649414062500e+02 4.344501357991248369e-04
2.037816286087036133e+00 8.968850708007812500e+02 4.578458901960402727e-04
2.123715877532958984e+00 8.967539062500000000e+02 5.297659663483500481e-04
2.256040096282958984e+00 8.966942138671875000e+02 5.674417479895055294e-04
2.378492116928100586e+00 8.964905395507812500e+02 6.084195338189601898e-04
2.436310529708862305e+00 8.964701538085937500e+02 6.867247866466641426e-04
2.532322168350219727e+00 8.961488037109375000e+02 7.111246231943368912e-04
2.647286891937255859e+00 8.960988769531250000e+02 7.708368357270956039e-04
2.768103361129760742e+00 8.958604125976562500e+02 8.668382652103900909e-04
2.831010818481445312e+00 8.956888427734375000e+02 9.577263845130801201e-04
3.003827095031738281e+00 8.956466674804687500e+02 1.012615393847227097e-03
3.092679023742675781e+00 8.955289306640625000e+02 1.128851086832582951e-03
3.234668016433715820e+00 8.952497558593750000e+02 1.217166311107575893e-03
3.321002244949340820e+00 8.950685424804687500e+02 1.337108900770545006e-03
3.418214082717895508e+00 8.949480590820312500e+02 1.379537163302302361e-03
3.552274942398071289e+00 8.946650390625000000e+02 1.489812158979475498e-03
3.723454952239990234e+00 8.945955810546875000e+02 1.631686463952064514e-03
3.834680795669555664e+00 8.943569946289062500e+02 1.678957487456500530e-03
3.945097923278808594e+00 8.943046875000000000e+02 1.857756287790834904e-03
4.022944450378417969e+00 8.939150390625000000e+02 1.959268469363451004e-03
4.248119354248046875e+00 8.938310546875000000e+02 2.119743032380938530e-03
4.361061573028564453e+00 8.937594604492187500e+02 2.189088147133588791e-03
4.569149494171142578e+00 8.934839477539062500e+02 2.376311225816607475e-03
4.593973159790039062e+00 8.932384033203125000e+02 2.535947132855653763e-03
4.800083637237548828e+00 8.930158081054687500e+02 2.837173175066709518e-03
4.902765274047851562e+00 8.928204345703125000e+02 3.013777080923318863e-03
5.144941806793212891e+00 8.927913818359375000e+02 3.273444948717951775e-03
5.152473449707031250e+00 8.923637695312500000e+02 3.201663028448820114e-03
5.349675178527832031e+00 8.921693725585937500e+02 3.498527687042951584e-03
5.489716053009033203e+00 8.922083740234375000e+02 3.668764838948845863e-03
5.676457405090332031e+00 8.918217163085937500e+02 3.918482922017574310e-03
5.841066360473632812e+00 8.917149658203125000e+02 4.236973356455564499e-03
5.984282970428466797e+00 8.914471435546875000e+02 4.244744312018156052e-03
6.192870616912841797e+00 8.914140625000000000e+02 4.705260507762432098e-03
6.262106418609619141e+00 8.909591064453125000e+02 5.014990456402301788e-03
6.482221603393554688e+00 8.906046752929687500e+02 5.097391083836555481e-03
6.568605899810791016e+00 8.904074096679687500e+02 5.520828999578952789e-03
6.838899135589599609e+00 8.900552368164062500e+02 5.733492784202098846e-03
7.102156639099121094e+00 8.900156860351562500e+02 5.981200840324163437e-03
7.070979595184326172e+00 8.899409179687500000e+02 6.475964095443487167e-03
7.411208629608154297e+00 8.894887695312500000e+02 6.513844709843397141e-03
7.583788394927978516e+00 8.892535400390625000e+02 7.384531665593385696e-03
7.706637859344482422e+00 8.889703979492187500e+02 7.178068626672029495e-03
7.888409137725830078e+00 8.885527343750000000e+02 7.654149085283279419e-03
8.099564552307128906e+00 8.884122314453125000e+02 8.189505897462368011e-03
8.225408554077148438e+00 8.881365356445312500e+02 8.952104486525058746e-03
8.477019309997558594e+00 8.878456420898437500e+02 8.574219420552253723e-03
8.728944778442382812e+00 8.875984497070312500e+02 9.919899515807628632e-03
8.901279449462890625e+00 8.874318237304687500e+02 1.017670426517724991e-02
9.108243942260742188e+00 8.872249145507812500e+02 1.056577172130346298e-02
9.212741851806640625e+00 8.869357299804687500e+02 1.041412353515625000e-02
9.649641036987304688e+00 8.862488403320312500e+02 1.162250805646181107e-02
9.676872253417968750e+00 8.859166259765625000e+02 1.131120417267084122e-02
9.933080673217773438e+00 8.856431884765625000e+02 1.239422801882028580e-02
1.025120830535888672e+01 8.857689208984375000e+02 1.292017288506031036e-02
1.035390758514404297e+01 8.854240112304687500e+02 1.366989687085151672e-02
1.058442306518554688e+01 8.851372680664062500e+02 1.439357642084360123e-02
1.067428970336914062e+01 8.851005249023437500e+02 1.493715401738882065e-02
1.110013580322265625e+01 8.840740966796875000e+02 1.578348502516746521e-02
1.093445968627929688e+01 8.846728515625000000e+02 1.631757430732250214e-02
1.141010761260986328e+01 8.837161254882812500e+02 1.697333343327045441e-02
1.152123451232910156e+01 8.834461669921875000e+02 1.642127707600593567e-02
1.194898033142089844e+01 8.829998168945312500e+02 1.772219128906726837e-02
1.219868755340576172e+01 8.829417114257812500e+02 1.863916032016277313e-02
1.238389301300048828e+01 8.827030639648437500e+02 1.888910122215747833e-02
1.247822189331054688e+01 8.824851074218750000e+02 1.996601000428199768e-02
1.293142414093017578e+01 8.820952148437500000e+02 2.094714529812335968e-02
1.338726902008056641e+01 8.814906005859375000e+02 2.102971263229846954e-02
1.323803138732910156e+01 8.813041381835937500e+02 2.292045578360557556e-02
1.377594947814941406e+01 8.809968261718750000e+02 2.331359684467315674e-02
1.389521789550781250e+01 8.799854125976562500e+02 2.470777556300163269e-02
1.421559238433837891e+01 8.798535766601562500e+02 2.549749799072742462e-02
1.425887966156005859e+01 8.798832397460937500e+02 2.496405690908432007e-02
1.472765445709228516e+01 8.799586181640625000e+02 2.572902105748653412e-02
1.479977703094482422e+01 8.792460937500000000e+02 2.751511894166469574e-02
1.504352283477783203e+01 8.785162963867187500e+02 2.766403555870056152e-02
1.558321666717529297e+01 8.781256103515625000e+02 3.005969896912574768e-02
1.566171360015869141e+01 8.779692382812500000e+02 3.189217299222946167e-02
1.583143424987792969e+01 8.774601440429687500e+02 3.177979961037635803e-02
1.605798721313476562e+01 8.766554565429687500e+02 3.455667942762374878e-02
1.649993515014648438e+01 8.769942016601562500e+02 3.531436622142791748e-02
1.697439765930175781e+01 8.765172729492187500e+02 3.561704605817794800e-02
1.678067588806152344e+01 8.759947509765625000e+02 3.724196553230285645e-02
1.753654289245605469e+01 8.752201538085937500e+02 4.065120965242385864e-02
1.751026725769042969e+01 8.751997680664062500e+02 3.961386531591415405e-02
1.798418998718261719e+01 8.743848266601562500e+02 4.154434800148010254e-02
1.809447669982910156e+01 8.746054687500000000e+02 4.279770329594612122e-02
1.861937522888183594e+01 8.740365600585937500e+02 4.436843469738960266e-02
1.873766899108886719e+01 8.731916503906250000e+02 4.629618674516677856e-02
1.929398345947265625e+01 8.726849365234375000e+02 4.693434759974479675e-02
1.941470718383789062e+01 8.731251220703125000e+02 4.894307628273963928e-02
2.015937042236328125e+01 8.725802001953125000e+02 5.073887854814529419e-02
2.014938354492187500e+01 8.715811767578125000e+02 5.203438550233840942e-02
2.053773498535156250e+01 8.711357421875000000e+02 5.488842725753784180e-02
2.073529624938964844e+01 8.714588012695312500e+02 5.263235047459602356e-02
2.092267990112304688e+01 8.706965332031250000e+02 5.871206149458885193e-02
2.108570289611816406e+01 8.699653320312500000e+02 5.547654628753662109e-02
2.167020797729492188e+01 8.690959472656250000e+02 6.309777498245239258e-02
2.186375427246093750e+01 8.691085205078125000e+02 6.321080029010772705e-02
2.246405792236328125e+01 8.680792846679687500e+02 6.362783908843994141e-02
2.260134124755859375e+01 8.684624633789062500e+02 6.743556261062622070e-02
2.300560951232910156e+01 8.677475585937500000e+02 6.755927205085754395e-02
2.357687759399414062e+01 8.666658935546875000e+02 6.958655267953872681e-02
2.329056358337402344e+01 8.666475830078125000e+02 7.650429755449295044e-02
2.411736679077148438e+01 8.665051879882812500e+02 7.384143769741058350e-02
2.472411918640136719e+01 8.654327392578125000e+02 7.814483344554901123e-02
2.521699142456054688e+01 8.646725463867187500e+02 8.056028187274932861e-02
2.525282096862792969e+01 8.640588989257812500e+02 7.960677146911621094e-02
2.564412498474121094e+01 8.642238159179687500e+02 8.360555768013000488e-02
2.651499748229980469e+01 8.644891357421875000e+02 8.768986910581588745e-02
2.642264747619628906e+01 8.639436645507812500e+02 9.069592505693435669e-02
2.665421867370605469e+01 8.635203247070312500e+02 8.854841440916061401e-02
2.686454010009765625e+01 8.624530029296875000e+02 9.180700778961181641e-02
2.739544868469238281e+01 8.622728271484375000e+02 9.748744964599609375e-02
2.771294593811035156e+01 8.614848632812500000e+02 1.014878302812576294e-01
2.831589698791503906e+01 8.602718505859375000e+02 1.011227965354919434e-01
2.846051597595214844e+01 8.597379150390625000e+02 1.037919819355010986e-01
2.935225677490234375e+01 8.585951538085937500e+02 1.097733527421951294e-01
2.960952377319335938e+01 8.587437744140625000e+02 1.063687577843666077e-01
2.977353668212890625e+01 8.585984497070312500e+02 1.074918210506439209e-01
3.007254791259765625e+01 8.575228271484375000e+02 1.087495982646942139e-01
3.044105720520019531e+01 8.574757690429687500e+02 1.204833239316940308e-01
3.077658653259277344e+01 8.575113525390625000e+02 1.221490725874900818e-01
3.161165809631347656e+01 8.555439453125000000e+02 1.244587004184722900e-01
3.247185134887695312e+01 8.560946044921875000e+02 1.300850659608840942e-01
3.197597312927246094e+01 8.542058105468750000e+02 1.329417228698730469e-01
3.225691223144531250e+01 8.560391235351562500e+02 1.359839737415313721e-01
3.284019470214843750e+01 8.536076660156250000e+02 1.411319971084594727e-01
3.310525512695312500e+01 8.529363403320312500e+02 1.403884738683700562e-01
3.430796432495117188e+01 8.524916992187500000e+02 1.528395712375640869e-01
3.533337402343750000e+01 8.521212768554687500e+02 1.507995873689651489e-01
3.474888610839843750e+01 8.526477661132812500e+02 1.542413085699081421e-01
3.520190811157226562e+01 8.503913574218750000e+02 1.658782511949539185e-01
3.576959228515625000e+01 8.506357421875000000e+02 1.613748222589492798e-01
3.642017745971679688e+01 8.501844482421875000e+02 1.643496155738830566e-01
3.641048812866210938e+01 8.491848144531250000e+02 1.625401973724365234e-01
3.711118316650390625e+01 8.490371704101562500e+02 1.808099299669265747e-01
3.743349456787109375e+01 8.475161743164062500e+02 1.800005584955215454e-01
3.778264236450195312e+01 8.479581298828125000e+02 1.788700819015502930e-01
3.845089721679687500e+01 8.461285400390625000e+02 1.842819303274154663e-01
3.896103286743164062e+01 8.466724853515625000e+02 1.952569186687469482e-01
3.927869796752929688e+01 8.450518188476562500e+02 1.980750262737274170e-01
3.998747253417968750e+01 8.451078491210937500e+02 2.055059224367141724e-01
4.009851074218750000e+01 8.450314331054687500e+02 2.091823667287826538e-01
4.088211822509765625e+01 8.427914428710937500e+02 2.136145681142807007e-01
4.104948425292968750e+01 8.439781494140625000e+02 2.171050310134887695e-01
4.165341567993164062e+01 8.417186889648437500e+02 2.277379631996154785e-01
4.250101470947265625e+01 8.426422119140625000e+02 2.285427153110504150e-01
4.298581695556640625e+01 8.413073730468750000e+02 2.286275625228881836e-01
4.273339843750000000e+01 8.404732055664062500e+02 2.401508390903472900e-01
4.375391006469726562e+01 8.392822875976562500e+02 2.468925118446350098e-01
4.380907440185546875e+01 8.380491333007812500e+02 2.500668764114379883e-01
4.437866592407226562e+01 8.360343017578125000e+02 2.599046826362609863e-01
4.513669967651367188e+01 8.395476074218750000e+02 2.543873488903045654e-01
4.549584197998046875e+01 8.363480224609375000e+02 2.757353186607360840e-01
4.537514877319335938e+01 8.373421630859375000e+02 2.842383980751037598e-01
4.646266555786132812e+01 8.367161865234375000e+02 2.861891090869903564e-01
4.652631759643554688e+01 8.350846557617187500e+02 2.880512773990631104e-01
4.699299621582031250e+01 8.337957763671875000e+02 2.807894945144653320e-01
4.965156173706054688e+01 8.332319946289062500e+02 3.065476417541503906e-01
4.757876586914062500e+01 8.336126708984375000e+02 3.015145063400268555e-01
4.908143997192382812e+01 8.317194824218750000e+02 2.956658601760864258e-01
4.929861450195312500e+01 8.307911376953125000e+02 3.186789453029632568e-01
5.011568069458007812e+01 8.301466674804687500e+02 3.288808763027191162e-01
5.040740585327148438e+01 8.295963134765625000e+02 3.157352805137634277e-01
5.171050262451171875e+01 8.289050292968750000e+02 3.451952338218688965e-01
5.118575668334960938e+01 8.282516479492187500e+02 3.298178017139434814e-01
5.228660583496093750e+01 8.284061889648437500e+02 3.755277991294860840e-01
5.242841720581054688e+01 8.256837158203125000e+02 3.752825856208801270e-01
5.329684829711914062e+01 8.253834228515625000e+02 3.765661120414733887e-01
5.407362365722656250e+01 8.269378662109375000e+02 3.854094445705413818e-01
5.443456268310546875e+01 8.255993041992187500e+02 3.794310390949249268e-01
5.551723098754882812e+01 8.230040283203125000e+02 4.173218607902526855e-01
5.582717514038085938e+01 8.226316528320312500e+02 4.043927192687988281e-01
5.621176528930664062e+01 8.224778442382812500e+02 4.095615744590759277e-01
5.616159439086914062e+01 8.223554077148437500e+02 4.156617522239685059e-01
5.754447937011718750e+01 8.205780639648437500e+02 4.199382662773132324e-01
5.883516693115234375e+01 8.194212036132812500e+02 4.334687292575836182e-01
5.839949035644531250e+01 8.188351440429687500e+02 4.392101168632507324e-01
5.967768096923828125e+01 8.180121459960937500e+02 4.575205147266387939e-01
5.962381362915039062e+01 8.165173339843750000e+02 4.359603226184844971e-01
6.020632553100585938e+01 8.169859008789062500e+02 4.841516613960266113e-01
6.219963836669921875e+01 8.139565429687500000e+02 5.066185593605041504e-01
6.194968795776367188e+01 8.148679809570312500e+02 4.959575831890106201e-01
6.207247543334960938e+01 8.137356567382812500e+02 4.953731298446655273e-01
6.189400482177734375e+01 8.130357666015625000e+02 5.246688127517700195e-01
6.390593338012695312e+01 8.122986450195312500e+02 5.236739516258239746e-01
6.341067886352539062e+01 8.109859008789062500e+02 5.530917048454284668e-01
6.452556610107421875e+01 8.111281738281250000e+02 5.353732109069824219e-01
6.412594604492187500e+01 8.076906738281250000e+02 5.476303696632385254e-01
6.638341522216796875e+01 8.111898193359375000e+02 5.785056352615356445e-01
6.598594665527343750e+01 8.079255371093750000e+02 5.433210134506225586e-01
6.614499664306640625e+01 8.076190185546875000e+02 5.916697978973388672e-01
6.835590362548828125e+01 8.046529541015625000e+02 5.870953202247619629e-01
6.820954895019531250e+01 8.040195312500000000e+02 6.253381371498107910e-01
7.007852935791015625e+01 8.058603515625000000e+02 6.210085749626159668e-01
6.979928588867187500e+01 8.052222900390625000e+02 6.476457715034484863e-01
7.045016479492187500e+01 8.026049194335937500e+02 6.461922526359558105e-01
7.105509948730468750e+01 7.997543334960937500e+02 6.822065114974975586e-01
7.230425262451171875e+01 7.968489379882812500e+02 7.001379132270812988e-01
7.335632324218750000e+01 7.996083984375000000e+02 6.677373647689819336e-01
7.357617187500000000e+01 7.999629516601562500e+02 7.086297869682312012e-01
7.365975952148437500e+01 7.970888671875000000e+02 7.377826571464538574e-01
7.501095581054687500e+01 7.955305175781250000e+02 7.231862545013427734e-01
7.539952850341796875e+01 7.950029907226562500e+02 7.134475111961364746e-01
7.480014038085937500e+01 7.940419311523437500e+02 7.552504539489746094e-01
7.655735778808593750e+01 7.953522338867187500e+02 8.183768391609191895e-01
7.841938781738281250e+01 7.913076171875000000e+02 7.776764035224914551e-01
7.857452392578125000e+01 7.908551025390625000e+02 7.963609695434570312e-01
7.895503234863281250e+01 7.930106201171875000e+02 8.123176693916320801e-01
7.975552368164062500e+01 7.931060180664062500e+02 8.220913410186767578e-01
8.037256622314453125e+01 7.888842163085937500e+02 8.521456718444824219e-01
8.171638488769531250e+01 7.879111938476562500e+02 8.863376975059509277e-01
8.180120849609375000e+01 7.873359375000000000e+02 8.674922585487365723e-01
8.349766540527343750e+01 7.825065917968750000e+02 8.594433069229125977e-01
8.226498413085937500e+01 7.856094970703125000e+02 9.029647111892700195e-01
8.432022094726562500e+01 7.849263916015625000e+02 9.379140734672546387e-01
8.594795227050781250e+01 7.850944824218750000e+02 9.778180122375488281e-01
8.713741302490234375e+01 7.818765258789062500e+02 9.593858122825622559e-01
8.768345642089843750e+01 7.843961181640625000e+02 9.377905726432800293e-01
8.829329681396484375e+01 7.772027587890625000e+02 9.968755245208740234e-01
8.606744384765625000e+01 7.784342041015625000e+02 1.041379928588867188e+00
9.005019378662109375e+01 7.795087280273437500e+02 9.914972782135009766e-01
8.895299530029296875e+01 7.773114624023437500e+02 1.067100048065185547e+00
9.116640472412109375e+01 7.771893310546875000e+02 1.082194566726684570e+00
9.130633544921875000e+01 7.749738769531250000e+02 1.158719539642333984e+00
9.248512268066406250e+01 7.726117553710937500e+02 1.158718943595886230e+00
9.272520446777343750e+01 7.727300415039062500e+02 1.113062024116516113e+00
9.411997985839843750e+01 7.730296630859375000e+02 1.204288959503173828e+00
9.515592193603515625e+01 7.730851440429687500e+02 1.177795529365539551e+00
9.566045379638671875e+01 7.673220214843750000e+02 1.172338843345642090e+00
9.433249664306640625e+01 7.669111938476562500e+02 1.210014224052429199e+00
9.731864166259765625e+01 7.652396850585937500e+02 1.238204479217529297e+00
9.681851196289062500e+01 7.680650024414062500e+02 1.319596529006958008e+00
9.814913177490234375e+01 7.661370239257812500e+02 1.282931566238403320e+00
9.876935577392578125e+01 7.637654418945312500e+02 1.283870935440063477e+00
9.958084869384765625e+01 7.641901245117187500e+02 1.387581467628479004e+00
1.014658126831054688e+02 7.598569946289062500e+02 1.351134896278381348e+00
1.034537734985351562e+02 7.587239990234375000e+02 1.345170140266418457e+00
1.034320526123046875e+02 7.569577636718750000e+02 1.364168286323547363e+00
1.030165176391601562e+02 7.598872070312500000e+02 1.406076669692993164e+00
1.058684387207031250e+02 7.549813232421875000e+02 1.483231306076049805e+00
1.048946609497070312e+02 7.519324340820312500e+02 1.411302447319030762e+00
1.065335922241210938e+02 7.547952270507812500e+02 1.452385902404785156e+00
1.085769500732421875e+02 7.578118286132812500e+02 1.535353541374206543e+00
1.088864746093750000e+02 7.529710083007812500e+02 1.536391139030456543e+00
1.101397094726562500e+02 7.523669433593750000e+02 1.579253911972045898e+00
1.094023056030273438e+02 7.498963012695312500e+02 1.625717759132385254e+00
1.111236953735351562e+02 7.480673828125000000e+02 1.555130958557128906e+00
1.117345123291015625e+02 7.484029541015625000e+02 1.638099193572998047e+00
1.133425903320312500e+02 7.460635986328125000e+02 1.679320693016052246e+00
1.140379791259765625e+02 7.478732299804687500e+02 1.724598050117492676e+00
1.140954742431640625e+02 7.414743041992187500e+02 1.763013839721679688e+00
1.143934097290039062e+02 7.437861938476562500e+02 1.763961434364318848e+00
1.162150344848632812e+02 7.448256225585937500e+02 1.779296159744262695e+00
1.179752273559570312e+02 7.405651245117187500e+02 1.769782423973083496e+00
1.186784286499023438e+02 7.395701904296875000e+02 1.799633502960205078e+00
1.182034683227539062e+02 7.381256103515625000e+02 1.907353281974792480e+00
1.183539123535156250e+02 7.371612548828125000e+02 1.900166749954223633e+00
1.199013366699218750e+02 7.347515869140625000e+02 1.954739809036254883e+00
1.214733810424804688e+02 7.336687622070312500e+02 1.980795979499816895e+00
1.217758560180664062e+02 7.287988891601562500e+02 1.924450278282165527e+00
1.240105056762695312e+02 7.316615600585937500e+02 2.092435359954833984e+00
1.223088302612304688e+02 7.296436157226562500e+02 2.041627407073974609e+00
1.244307098388671875e+02 7.289376220703125000e+02 2.104658603668212891e+00
1.251468811035156250e+02 7.318202514648437500e+02 2.135957479476928711e+00
1.248557434082031250e+02 7.301077270507812500e+02 2.196080207824707031e+00
1.298716278076171875e+02 7.229695434570312500e+02 2.183381080627441406e+00
1.279782791137695312e+02 7.237720947265625000e+02 2.225774049758911133e+00
1.307684173583984375e+02 7.272210083007812500e+02 2.245104074478149414e+00
1.312966308593750000e+02 7.214929199218750000e+02 2.289363384246826172e+00
1.310210571289062500e+02 7.223073120117187500e+02 2.255533456802368164e+00
1.320996704101562500e+02 7.221376953125000000e+02 2.391508340835571289e+00
1.323697814941406250e+02 7.153822021484375000e+02 2.374401092529296875e+00
1.344391174316406250e+02 7.189807128906250000e+02 2.412321567535400391e+00
1.354890594482421875e+02 7.153463134765625000e+02 2.333478927612304688e+00
1.338818206787109375e+02 7.126489257812500000e+02 2.443397045135498047e+00
1.391009979248046875e+02 7.099387207031250000e+02 2.497343063354492188e+00
1.384015197753906250e+02 7.093635864257812500e+02 2.663211345672607422e+00
1.415718688964843750e+02 7.064572143554687500e+02 2.677271604537963867e+00
1.430966033935546875e+02 7.067795410156250000e+02 2.659642934799194336e+00
1.389043121337890625e+02 7.068661499023437500e+02 2.544812679290771484e+00
1.422357635498046875e+02 7.097685546875000000e+02 2.714514255523681641e+00
1.435029449462890625e+02 7.087233276367187500e+02 2.816405534744262695e+00
1.432981414794921875e+02 7.041005859375000000e+02 2.847397565841674805e+00
1.452888488769531250e+02 7.038252563476562500e+02 2.692569255828857422e+00
1.469487915039062500e+02 7.018839721679687500e+02 2.895237445831298828e+00
1.462348785400390625e+02 7.028420410156250000e+02 2.951745271682739258e+00
1.478721160888671875e+02 6.964719848632812500e+02 2.839044570922851562e+00
1.467424011230468750e+02 6.992424316406250000e+02 2.936500310897827148e+00
1.498309783935546875e+02 6.983397216796875000e+02 3.024740219116210938e+00
1.507077941894531250e+02 6.972406005859375000e+02 3.192832231521606445e+00
1.503725585937500000e+02 6.949064331054687500e+02 3.176420211791992188e+00
1.526503906250000000e+02 6.945155639648437500e+02 3.097082614898681641e+00
1.530607757568359375e+02 6.897844848632812500e+02 3.135783433914184570e+00
1.552606658935546875e+02 6.925686645507812500e+02 3.169901609420776367e+00
1.550772399902343750e+02 6.940477905273437500e+02 3.347858667373657227e+00
1.575997009277343750e+02 6.880360107421875000e+02 3.411456346511840820e+00
1.577377014160156250e+02 6.843310546875000000e+02 3.292293548583984375e+00
1.567959442138671875e+02 6.836450195312500000e+02 3.215066671371459961e+00
1.603872528076171875e+02 6.861520996093750000e+02 3.465871334075927734e+00
1.628372344970703125e+02 6.807781372070312500e+02 3.504127264022827148e+00
1.618706970214843750e+02 6.802336425781250000e+02 3.709358215332031250e+00
1.619070281982421875e+02 6.811140747070312500e+02 3.634370088577270508e+00
1.648161926269531250e+02 6.777072143554687500e+02 3.571986436843872070e+00
1.664385986328125000e+02 6.785905761718750000e+02 3.595213890075683594e+00
1.661786499023437500e+02 6.765705566406250000e+02 3.596698284149169922e+00
1.652855987548828125e+02 6.782963256835937500e+02 3.654177188873291016e+00
1.646218566894531250e+02 6.749970092773437500e+02 3.953947782516479492e+00
1.685957183837890625e+02 6.745983276367187500e+02 3.810482740402221680e+00
1.712503051757812500e+02 6.723919067382812500e+02 4.046382904052734375e+00
1.691743927001953125e+02 6.760688476562500000e+02 4.012097358703613281e+00
1.723899383544921875e+02 6.705121459960937500e+02 4.125648975372314453e+00
1.730622100830078125e+02 6.709944458007812500e+02 4.088903427124023438e+00
1.762159729003906250e+02 6.704207763671875000e+02 4.131064891815185547e+00
1.740270996093750000e+02 6.667385864257812500e+02 4.232035636901855469e+00
1.772003784179687500e+02 6.662491455078125000e+02 4.136488914489746094e+00
1.796831207275390625e+02 6.645665893554687500e+02 4.152363777160644531e+00
1.774076843261718750e+02 6.587274780273437500e+02 4.261672019958496094e+00
1.798121643066406250e+02 6.555390625000000000e+02 4.571532249450683594e+00
1.765117492675781250e+02 6.610947265625000000e+02 4.535816192626953125e+00
1.851973114013671875e+02 6.613995361328125000e+02 4.294979572296142578e+00
1.812832031250000000e+02 6.562197875976562500e+02 4.328758239746093750e+00
1.830679321289062500e+02 6.527489013671875000e+02 4.671000480651855469e+00
1.832408294677734375e+02 6.513558349609375000e+02 4.541054725646972656e+00
1.846443328857421875e+02 6.518054809570312500e+02 4.709516525268554688e+00
1.885049591064453125e+02 6.537661743164062500e+02 4.873914241790771484e+00
1.831975097656250000e+02 6.549409179687500000e+02 4.537177562713623047e+00
1.844746246337890625e+02 6.508150634765625000e+02 4.614940166473388672e+00
1.854159393310546875e+02 6.513209838867187500e+02 4.810595035552978516e+00
1.895771484375000000e+02 6.463182373046875000e+02 4.732165336608886719e+00
1.878921051025390625e+02 6.460222778320312500e+02 4.938674926757812500e+00
1.931313476562500000e+02 6.378634643554687500e+02 4.691260337829589844e+00
1.910890045166015625e+02 6.467898559570312500e+02 5.145081043243408203e+00
1.910874938964843750e+02 6.373167724609375000e+02 5.014760017395019531e+00
1.917648925781250000e+02 6.385897216796875000e+02 5.168470382690429688e+00
1.953590087890625000e+02 6.396768798828125000e+02 5.196569919586181641e+00
1.934376220703125000e+02 6.357678222656250000e+02 5.475354194641113281e+00
1.974200439453125000e+02 6.354886474609375000e+02 5.247425079345703125e+00
1.947975311279296875e+02 6.346702880859375000e+02 5.296955585479736328e+00
1.995105133056640625e+02 6.334544677734375000e+02 5.385354995727539062e+00
1.969789276123046875e+02 6.333676757812500000e+02 5.273577690124511719e+00
2.026793823242187500e+02 6.294400634765625000e+02 5.692700386047363281e+00
1.987309112548828125e+02 6.345633544921875000e+02 5.552196979522705078e+00
2.012378234863281250e+02 6.301943359375000000e+02 5.501691341400146484e+00
2.037668762207031250e+02 6.280449829101562500e+02 5.956107616424560547e+00
2.008262634277343750e+02 6.296087036132812500e+02 5.757321357727050781e+00
2.009761657714843750e+02 6.252140502929687500e+02 5.470144748687744141e+00
2.072263946533203125e+02 6.225616455078125000e+02 5.724673748016357422e+00
2.068963775634765625e+02 6.220026245117187500e+02 5.600828170776367188e+00
2.058461456298828125e+02 6.269197998046875000e+02 5.968269348144531250e+00
2.024271850585937500e+02 6.186275024414062500e+02 5.819286823272705078e+00
2.074559936523437500e+02 6.214396972656250000e+02 6.047612667083740234e+00
2.100356597900390625e+02 6.259880981445312500e+02 6.119432449340820312e+00
2.107503967285156250e+02 6.160969848632812500e+02 6.400128841400146484e+00
2.100605926513671875e+02 6.183631591796875000e+02 6.019551277160644531e+00
2.107896575927734375e+02 6.161619262695312500e+02 6.285263538360595703e+00
2.101139221191406250e+02 6.211508178710937500e+02 6.406654834747314453e+00
2.151381683349609375e+02 6.169471435546875000e+02 6.356515407562255859e+00
2.124205932617187500e+02 6.123490600585937500e+02 6.450399875640869141e+00
2.117247467041015625e+02 6.111088256835937500e+02 6.575054645538330078e+00
2.159411773681640625e+02 6.085350341796875000e+02 6.667738914489746094e+00
2.157944335937500000e+02 6.120869750976562500e+02 6.684626102447509766e+00
2.188890533447265625e+02 6.106549072265625000e+02 6.624491214752197266e+00
2.160794830322265625e+02 6.026923828125000000e+02 6.410590171813964844e+00
2.211459655761718750e+02 6.003196411132812500e+02 6.646354198455810547e+00
2.181937103271484375e+02 6.063760986328125000e+02 6.758708953857421875e+00
2.230376129150390625e+02 5.994295043945312500e+02 6.608445644378662109e+00
2.213940582275390625e+02 6.037149047851562500e+02 6.911243915557861328e+00
2.231219024658203125e+02 6.078052978515625000e+02 6.944418907165527344e+00
2.239187469482421875e+02 6.012830200195312500e+02 6.818741798400878906e+00
2.248167419433593750e+02 5.989891357421875000e+02 7.029810428619384766e+00
2.277420349121093750e+02 5.889636230468750000e+02 7.362146854400634766e+00
2.261986389160156250e+02 5.991582641601562500e+02 7.353050231933593750e+00
2.284687652587890625e+02 5.945050659179687500e+02 7.488310337066650391e+00
2.264001007080078125e+02 5.908924560546875000e+02 7.470349788665771484e+00
2.252743530273437500e+02 5.905119628906250000e+02 7.070625782012939453e+00
2.300628051757812500e+02 5.937725219726562500e+02 7.437186241149902344e+00
2.285823822021484375e+02 5.926447143554687500e+02 7.791978359222412109e+00
2.295707855224609375e+02 5.904310302734375000e+02 7.507620334625244141e+00
2.296719512939453125e+02 5.897227172851562500e+02 7.661963939666748047e+00
2.337990722656250000e+02 5.917942504882812500e+02 7.782762050628662109e+00
2.345965270996093750e+02 5.885799560546875000e+02 7.821658611297607422e+00
2.327168273925781250e+02 5.853524780273437500e+02 7.754794120788574219e+00
2.335881195068359375e+02 5.901318969726562500e+02 7.902196407318115234e+00
2.344272460937500000e+02 5.880945434570312500e+02 7.965226173400878906e+00
2.378501281738281250e+02 5.847040405273437500e+02 7.975002288818359375e+00
2.342279052734375000e+02 5.873951416015625000e+02 7.720410823822021484e+00
2.356674804687500000e+02 5.760954589843750000e+02 8.463070869445800781e+00
2.405406036376953125e+02 5.795299072265625000e+02 7.771359443664550781e+00
2.379217987060546875e+02 5.785870361328125000e+02 7.873657703399658203e+00
2.407883453369140625e+02 5.788955078125000000e+02 8.556524276733398438e+00
2.378552551269531250e+02 5.721942749023437500e+02 8.118991851806640625e+00
2.388629455566406250e+02 5.699870605468750000e+02 8.179692268371582031e+00
2.477016143798828125e+02 5.730639648437500000e+02 8.417390823364257812e+00
2.396005096435546875e+02 5.723336791992187500e+02 8.204677581787109375e+00
2.447156677246093750e+02 5.745840454101562500e+02 8.612889289855957031e+00
2.411657867431640625e+02 5.686014404296875000e+02 8.080936431884765625e+00
2.438919219970703125e+02 5.792665405273437500e+02 8.614716529846191406e+00
2.468577880859375000e+02 5.659876098632812500e+02 8.477443695068359375e+00
2.467161865234375000e+02 5.687798461914062500e+02 8.975959777832031250e+00
2.453241882324218750e+02 5.680028076171875000e+02 8.410866737365722656e+00
2.448861083984375000e+02 5.647262573242187500e+02 9.005388259887695312e+00
2.502164459228515625e+02 5.620729980468750000e+02 8.911054611206054688e+00
2.510397644042968750e+02 5.693107910156250000e+02 8.748124122619628906e+00
2.496568298339843750e+02 5.626359252929687500e+02 8.691393852233886719e+00
2.499668579101562500e+02 5.624244384765625000e+02 9.192040443420410156e+00
2.486989288330078125e+02 5.629732055664062500e+02 8.997279167175292969e+00
2.507394409179687500e+02 5.597858276367187500e+02 9.087833404541015625e+00
2.504727020263671875e+02 5.541542358398437500e+02 9.954485893249511719e+00
2.558339385986328125e+02 5.563610839843750000e+02 9.357265472412109375e+00
2.540938568115234375e+02 5.570634155273437500e+02 9.442043304443359375e+00
2.516426391601562500e+02 5.613997802734375000e+02 9.342231750488281250e+00
2.588757629394531250e+02 5.542416381835937500e+02 9.362831115722656250e+00
2.522785797119140625e+02 5.588710327148437500e+02 9.505631446838378906e+00
2.554799041748046875e+02 5.547357788085937500e+02 9.814830780029296875e+00
2.595828247070312500e+02 5.504249267578125000e+02 9.526173591613769531e+00
2.586084289550781250e+02 5.485891113281250000e+02 1.003594684600830078e+01
2.553773956298828125e+02 5.545140991210937500e+02 9.943511962890625000e+00
2.585212707519531250e+02 5.538123779296875000e+02 9.787220954895019531e+00
2.612771301269531250e+02 5.456145019531250000e+02 9.805439949035644531e+00
2.623666992187500000e+02 5.501879272460937500e+02 9.926841735839843750e+00
2.613651428222656250e+02 5.514437866210937500e+02 9.999608993530273438e+00
2.623699035644531250e+02 5.416787109375000000e+02 1.017911624908447266e+01
2.581278076171875000e+02 5.443128051757812500e+02 1.018417453765869141e+01
2.672066040039062500e+02 5.445266113281250000e+02 9.523513793945312500e+00
2.626549682617187500e+02 5.473637695312500000e+02 9.683378219604492188e+00
2.664526977539062500e+02 5.409085083007812500e+02 9.955739974975585938e+00
2.621812744140625000e+02 5.462380981445312500e+02 1.059587192535400391e+01
2.640114746093750000e+02 5.431108398437500000e+02 1.036922073364257812e+01
2.635043029785156250e+02 5.485103759765625000e+02 1.028227806091308594e+01
2.656474914550781250e+02 5.444910888671875000e+02 1.052650642395019531e+01
2.620555114746093750e+02 5.420681762695312500e+02 1.032098293304443359e+01
2.635284423828125000e+02 5.462293090820312500e+02 1.084070491790771484e+01
2.703192443847656250e+02 5.460753784179687500e+02 1.045375919342041016e+01
2.699821166992187500e+02 5.346389160156250000e+02 1.104568290710449219e+01
2.697607421875000000e+02 5.340811157226562500e+02 1.139232730865478516e+01
2.718630981445312500e+02 5.386856079101562500e+02 1.064761924743652344e+01
2.728801269531250000e+02 5.413066406250000000e+02 1.082526683807373047e+01
2.696020202636718750e+02 5.293815307617187500e+02 1.046787738800048828e+01
2.715644531250000000e+02 5.399402465820312500e+02 1.066790771484375000e+01
2.714808349609375000e+02 5.315741577148437500e+02 1.083592891693115234e+01
2.753022766113281250e+02 5.305008544921875000e+02 1.082385063171386719e+01
2.755848999023437500e+02 5.350640869140625000e+02 1.116767692565917969e+01
2.738286132812500000e+02 5.357459106445312500e+02 1.126253032684326172e+01
2.711112365722656250e+02 5.360179443359375000e+02 1.124765014648437500e+01
2.759574279785156250e+02 5.326049804687500000e+02 1.135261726379394531e+01
2.749845886230468750e+02 5.332369995117187500e+02 1.123937606811523438e+01
2.742198486328125000e+02 5.222935791015625000e+02 1.112687206268310547e+01
2.805907287597656250e+02 5.248538818359375000e+02 1.075851631164550781e+01
2.779544067382812500e+02 5.205327758789062500e+02 1.123958015441894531e+01
2.751618347167968750e+02 5.227474975585937500e+02 1.178667449951171875e+01
2.787640991210937500e+02 5.316955566406250000e+02 1.194250011444091797e+01
2.802521057128906250e+02 5.275457153320312500e+02 1.134299564361572266e+01
2.756898193359375000e+02 5.198805541992187500e+02 1.118520259857177734e+01
2.796367187500000000e+02 5.305874633789062500e+02 1.088894844055175781e+01
2.791097717285156250e+02 5.205372924804687500e+02 1.188634967803955078e+01
2.785493774414062500e+02 5.228361206054687500e+02 1.189429759979248047e+01
