7.105163335800170898e-01 3.987692642211914062e+01 6.861028850835282356e-06
4.721047878265380859e-01 3.990882492065429688e+01 2.463669716235017404e-06
3.029648363590240479e-01 3.993372344970703125e+01 6.267950993787962943e-07
2.064299583435058594e-01 3.995179748535156250e+01 9.384103805132326670e-08
1.510473638772964478e-01 3.996448135375976562e+01 8.315540611647520564e-08
1.244794651865959167e-01 3.997458648681640625e+01 1.636404363125620876e-07
1.130730435252189636e-01 3.998157882690429688e+01 1.937349765057660989e-07
1.055221855640411377e-01 3.998664474487304688e+01 1.382661736215595738e-07
9.761273860931396484e-02 3.999026870727539062e+01 7.172560856361087644e-08
8.780893683433532715e-02 3.999231338500976562e+01 3.070391585424658842e-08
7.682830095291137695e-02 3.999322509765625000e+01 2.445798763517359475e-08
6.738568842411041260e-02 3.999290847778320312e+01 3.863488728939046268e-08
6.195560842752456665e-02 3.999132537841796875e+01 5.048232765147986356e-08
5.971545726060867310e-02 3.998875045776367188e+01 4.744176607118788525e-08
6.574288010597229004e-02 3.998529815673828125e+01 3.216126742699998431e-08
7.577244937419891357e-02 3.998102951049804688e+01 1.434645646725130064e-08
9.361934661865234375e-02 3.997655105590820312e+01 1.046418063310738944e-08
1.148224174976348877e-01 3.997291183471679688e+01 3.644932888846597052e-08
1.362047195434570312e-01 3.996903610229492188e+01 9.247887788887965144e-08
1.542368978261947632e-01 3.996692276000976562e+01 1.682503238953358959e-07
1.756838262081146240e-01 3.996430969238281250e+01 2.537242096423142357e-07
1.850722283124923706e-01 3.996212768554687500e+01 3.126330625491391402e-07
1.926475763320922852e-01 3.996215438842773438e+01 3.490890776447486132e-07
1.825002580881118774e-01 3.996340942382812500e+01 3.591385393519885838e-07
1.730013787746429443e-01 3.996466827392578125e+01 3.361443248195428168e-07
1.627293378114700317e-01 3.996628189086914062e+01 2.942284424989338731e-07
1.500694751739501953e-01 3.996988296508789062e+01 2.273632446758711012e-07
1.303926110267639160e-01 3.997293853759765625e+01 1.632950556995638181e-07
1.130877956748008728e-01 3.997580337524414062e+01 1.097531949767471815e-07
9.728898853063583374e-02 3.997977828979492188e+01 6.897813165096522425e-08
7.649686187505722046e-02 3.998298263549804688e+01 3.589227404177108838e-08
6.347090005874633789e-02 3.998591995239257812e+01 1.978283670212022116e-08
4.904946684837341309e-02 3.998830795288085938e+01 1.163116358782190218e-08
3.864043578505516052e-02 3.999069595336914062e+01 7.796661982695241022e-09
3.103043884038925171e-02 3.999275970458984375e+01 7.510961630430301739e-09
2.515953220427036285e-02 3.999448776245117188e+01 8.081421754013717873e-09
2.222314476966857910e-02 3.999577331542968750e+01 7.776722377172973211e-09
2.022666670382022858e-02 3.999681854248046875e+01 7.163709625501724076e-09
2.005118504166603088e-02 3.999742126464843750e+01 5.736336738948466518e-09
2.145225368440151215e-02 3.999774551391601562e+01 4.130866759766149698e-09
2.372323907911777496e-02 3.999782943725585938e+01 3.003287618597028086e-09
2.642432786524295807e-02 3.999763107299804688e+01 2.966810797033758718e-09
2.961931563913822174e-02 3.999729919433593750e+01 4.166055056487039110e-09
3.257593885064125061e-02 3.999677658081054688e+01 6.759858894866965784e-09
3.600323572754859924e-02 3.999611282348632812e+01 1.079451195096226002e-08
3.864644095301628113e-02 3.999534225463867188e+01 1.549987338478331367e-08
4.149232059717178345e-02 3.999438858032226562e+01 1.985226383283134055e-08
4.358169436454772949e-02 3.999348449707031250e+01 2.433233525778177864e-08
4.538194090127944946e-02 3.999239349365234375e+01 2.692964962136557006e-08
4.711385071277618408e-02 3.999164962768554688e+01 2.873190041441375797e-08
4.780867695808410645e-02 3.999052429199218750e+01 2.753834849045233568e-08
5.013616010546684265e-02 3.998941421508789062e+01 2.586280878347224643e-08
5.219492316246032715e-02 3.998844146728515625e+01 2.149020339459184470e-08
5.435422062873840332e-02 3.998737716674804688e+01 1.914070146824542462e-08
5.800780653953552246e-02 3.998654174804687500e+01 1.511573977097668831e-08
5.924030765891075134e-02 3.998580169677734375e+01 1.265755322776840330e-08
6.251721084117889404e-02 3.998490905761718750e+01 1.221475187662690587e-08
6.635462492704391479e-02 3.998461151123046875e+01 1.306706121084744154e-08
6.918910145759582520e-02 3.998371887207031250e+01 1.602561994218376640e-08
6.939890235662460327e-02 3.998340225219726562e+01 2.152065903260336199e-08
7.247841358184814453e-02 3.998348236083984375e+01 2.991629699522491137e-08
7.687257230281829834e-02 3.998247528076171875e+01 3.486592348167505406e-08
7.980507612228393555e-02 3.998284149169921875e+01 4.377558582291385392e-08
8.081629127264022827e-02 3.998278045654296875e+01 5.140478620546673483e-08
7.921932637691497803e-02 3.998301696777343750e+01 5.726906948666510289e-08
7.951578497886657715e-02 3.998383331298828125e+01 5.961263127574056853e-08
7.881256937980651855e-02 3.998384094238281250e+01 6.118008144539999194e-08
7.463848590850830078e-02 3.998502731323242188e+01 5.914214895597069699e-08
7.144933938980102539e-02 3.998553848266601562e+01 5.926876056605578924e-08
7.225638628005981445e-02 3.998586273193359375e+01 5.607141773111834482e-08
6.497108191251754761e-02 3.998716735839843750e+01 4.921403728985751513e-08
6.110194697976112366e-02 3.998831176757812500e+01 4.230243888514451100e-08
5.508887395262718201e-02 3.998950195312500000e+01 3.215298960412837914e-08
4.879210144281387329e-02 3.999057769775390625e+01 2.632466156171631155e-08
4.304106160998344421e-02 3.999173736572265625e+01 2.015415745404425252e-08
3.772652521729469299e-02 3.999271011352539062e+01 1.451382125594591344e-08
3.186038881540298462e-02 3.999386596679687500e+01 1.111129765973828398e-08
2.703438326716423035e-02 3.999503326416015625e+01 7.548615954533488548e-09
2.138903737068176270e-02 3.999584960937500000e+01 5.020476478989621683e-09
1.659618131816387177e-02 3.999661636352539062e+01 3.163941331152386738e-09
1.286260131746530533e-02 3.999736022949218750e+01 1.971343976947537158e-09
9.701755829155445099e-03 3.999796295166015625e+01 1.208773192651335648e-09
7.176773622632026672e-03 3.999854278564453125e+01 7.723606754161949084e-10
5.148064345121383667e-03 3.999895477294921875e+01 5.061441821219148096e-10
4.225096665322780609e-03 3.999925231933593750e+01 3.468961229380340683e-10
3.735902952030301094e-03 3.999946212768554688e+01 2.440736501796436642e-10
3.924669697880744934e-03 3.999955749511718750e+01 1.743695882128193375e-10
4.805099684745073318e-03 3.999953842163085938e+01 1.521906212165191619e-10
6.164030637592077255e-03 3.999942779541015625e+01 2.210083782649974182e-10
7.862434722483158112e-03 3.999925231933593750e+01 3.983982865829460707e-10
9.909364394843578339e-03 3.999894714355468750e+01 7.488650255460527205e-10
1.244706194847822189e-02 3.999859237670898438e+01 1.353065992582003219e-09
1.486008521169424057e-02 3.999819183349609375e+01 2.100610574373718009e-09
1.724568009376525879e-02 3.999774551391601562e+01 3.161825024022846264e-09
2.017822116613388062e-02 3.999726486206054688e+01 4.432957556588235093e-09
2.276287600398063660e-02 3.999681854248046875e+01 5.794975166395488486e-09
2.490873262286186218e-02 3.999627304077148438e+01 8.031694420651547262e-09
2.743312902748584747e-02 3.999568176269531250e+01 8.906479109782594605e-09
2.896573022007942200e-02 3.999521636962890625e+01 1.021681228507986816e-08
3.076853044331073761e-02 3.999465179443359375e+01 1.161183948994448656e-08
3.269143030047416687e-02 3.999419021606445312e+01 1.274872918344271966e-08
3.248288109898567200e-02 3.999365997314453125e+01 1.328473597794754824e-08
3.414969891309738159e-02 3.999336624145507812e+01 1.255777615227771093e-08
3.431781008839607239e-02 3.999286270141601562e+01 1.249580527939997410e-08
3.470632806420326233e-02 3.999253845214843750e+01 1.157659212935868709e-08
3.571433573961257935e-02 3.999214553833007812e+01 1.045071496008631584e-08
3.523044660687446594e-02 3.999188995361328125e+01 8.397284645411673409e-09
3.657655790448188782e-02 3.999184036254882812e+01 6.987912470890478289e-09
3.524198755621910095e-02 3.999184799194335938e+01 5.430327743027874021e-09
3.504012897610664368e-02 3.999140930175781250e+01 3.831676309573595063e-09
3.502939268946647644e-02 3.999120330810546875e+01 2.584168878883019715e-09
3.597192093729972839e-02 3.999120330810546875e+01 1.767711199640586983e-09
3.503508493304252625e-02 3.999116516113281250e+01 1.423961060176281990e-09
3.612711280584335327e-02 3.999125289916992188e+01 1.504854241218822608e-09
3.689683601260185242e-02 3.999102783203125000e+01 2.100595919429792957e-09
3.561107441782951355e-02 3.999137878417968750e+01 3.096617406939117245e-09
3.541420027613639832e-02 3.999129486083984375e+01 4.372934458984900630e-09
3.486821055412292480e-02 3.999158859252929688e+01 5.868157959554309855e-09
3.648542612791061401e-02 3.999177932739257812e+01 7.409432623006750873e-09
3.583669289946556091e-02 3.999196624755859375e+01 8.423469033402852801e-09
3.594028577208518982e-02 3.999224090576171875e+01 9.740391604395881586e-09
3.543557226657867432e-02 3.999246215820312500e+01 1.122936410524744133e-08
3.511992096900939941e-02 3.999285125732421875e+01 1.166698648802366733e-08
3.407292440533638000e-02 3.999311828613281250e+01 1.151655304454379802e-08
3.247024863958358765e-02 3.999365615844726562e+01 1.167193630635665613e-08
3.102794289588928223e-02 3.999394607543945312e+01 1.088495782397558287e-08
2.886907011270523071e-02 3.999451446533203125e+01 1.025435558688059245e-08
2.708142250776290894e-02 3.999478912353515625e+01 8.806543938533195615e-09
2.482914179563522339e-02 3.999530029296875000e+01 7.735831530908399145e-09
2.295382134616374969e-02 3.999583435058593750e+01 6.785866091263415001e-09
2.072841860353946686e-02 3.999638366699218750e+01 5.051926876831203117e-09
1.802301406860351562e-02 3.999680328369140625e+01 4.111090134983896860e-09
1.532384566962718964e-02 3.999732208251953125e+01 3.180373076006048905e-09
1.283541880548000336e-02 3.999774932861328125e+01 2.287000144818307490e-09
1.071451418101787567e-02 3.999816131591796875e+01 1.581746511547521550e-09
8.528507314622402191e-03 3.999851989746093750e+01 1.011620898161424975e-09
6.606453098356723785e-03 3.999887847900390625e+01 6.103073602048425528e-10
4.733287263661623001e-03 3.999918365478515625e+01 3.287246863603598968e-10
3.258523764088749886e-03 3.999943161010742188e+01 1.759969392445270842e-10
2.054479671642184258e-03 3.999963760375976562e+01 7.495119108691383758e-11
1.111042802222073078e-03 3.999979400634765625e+01 2.711851229686423892e-11
5.536224343813955784e-04 3.999990081787109375e+01 7.746085890769638382e-12
3.053389955312013626e-04 3.999994659423828125e+01 1.498723454368411367e-12
3.869114734698086977e-04 3.999995040893554688e+01 1.569452900973544729e-12
7.692920044064521790e-04 3.999990081787109375e+01 8.217352145956091647e-12
1.443390618078410625e-03 3.999980163574218750e+01 2.820006554660192677e-11
2.395777963101863861e-03 3.999967193603515625e+01 7.130065982074995645e-11
3.567080944776535034e-03 3.999948883056640625e+01 1.621645734362076041e-10
4.839230328798294067e-03 3.999925994873046875e+01 3.074348831066942012e-10
6.401420570909976959e-03 3.999903488159179688e+01 5.299324312701969575e-10
7.910450920462608337e-03 3.999878692626953125e+01 7.349406638823552385e-10
9.606039151549339294e-03 3.999847793579101562e+01 1.160358364948876897e-09
1.116876304149627686e-02 3.999819183349609375e+01 1.545369165967258596e-09
1.290266215801239014e-02 3.999787902832031250e+01 2.152421574308505114e-09
1.428934372961521149e-02 3.999765396118164062e+01 2.714108493506728337e-09
1.549585536122322083e-02 3.999731063842773438e+01 3.288165961734534903e-09
1.632171496748924255e-02 3.999705886840820312e+01 3.655497460286483147e-09
1.795267127454280853e-02 3.999673461914062500e+01 4.213042803513644685e-09
1.874052919447422028e-02 3.999656295776367188e+01 4.805821962605705266e-09
1.950217410922050476e-02 3.999633407592773438e+01 4.762147121084581158e-09
1.972954533994197845e-02 3.999607849121093750e+01 4.844213030708033330e-09
2.025019749999046326e-02 3.999591445922851562e+01 5.014612725062761456e-09
2.081897109746932983e-02 3.999576950073242188e+01 4.478152071385466115e-09
2.008163183927536011e-02 3.999570083618164062e+01 4.297152855770036695e-09
2.083002775907516479e-02 3.999552917480468750e+01 3.772957946068800084e-09
2.024915069341659546e-02 3.999552917480468750e+01 3.311231733249542231e-09
1.977046392858028412e-02 3.999538421630859375e+01 2.682346567084437083e-09
1.975611969828605652e-02 3.999528503417968750e+01 1.987632725075627604e-09
1.965766400098800659e-02 3.999529266357421875e+01 1.461895271503976801e-09
1.864778622984886169e-02 3.999526214599609375e+01 9.315755944427905888e-10
1.826905459165573120e-02 3.999534225463867188e+01 4.951152265952885045e-10
1.862821169197559357e-02 3.999547958374023438e+01 2.002033400172464894e-10
1.735502295196056366e-02 3.999542236328125000e+01 5.460571578241868451e-11
1.806107908487319946e-02 3.999552154541015625e+01 3.703735929061480192e-11
1.727078668773174286e-02 3.999566650390625000e+01 1.511436115153586002e-10
1.689334027469158173e-02 3.999567413330078125e+01 3.805427084557777562e-10
1.740418002009391785e-02 3.999570083618164062e+01 7.026352832895099709e-10
1.700567826628684998e-02 3.999583053588867188e+01 1.031378871196864111e-09
1.766453124582767487e-02 3.999593353271484375e+01 1.510096270251892747e-09
1.693699881434440613e-02 3.999608993530273438e+01 1.867223042850696402e-09
1.689897105097770691e-02 3.999618148803710938e+01 2.196938186926900016e-09
1.712452992796897888e-02 3.999640274047851562e+01 2.490463835158607253e-09
1.614380255341529846e-02 3.999651336669921875e+01 2.719936942341405484e-09
1.611430197954177856e-02 3.999674224853515625e+01 2.786458841441685763e-09
1.566696353256702423e-02 3.999693298339843750e+01 2.819480870996926569e-09
1.507138088345527649e-02 3.999707031250000000e+01 2.738710591643211956e-09
1.431765221059322357e-02 3.999733734130859375e+01 2.556852507495932514e-09
1.362599339336156845e-02 3.999752426147460938e+01 2.408408361631586558e-09
1.256589405238628387e-02 3.999777984619140625e+01 2.153744738109253376e-09
1.158099435269832611e-02 3.999791717529296875e+01 1.775311009311053567e-09
1.059413142502307892e-02 3.999815368652343750e+01 1.518568826242017167e-09
9.813579730689525604e-03 3.999842071533203125e+01 1.259926607488637273e-09
8.636864833533763885e-03 3.999861907958984375e+01 9.836977898913801255e-10
7.480304688215255737e-03 3.999883651733398438e+01 7.594406770117245742e-10
6.526730023324489594e-03 3.999900436401367188e+01 5.183624085525195824e-10
5.362631753087043762e-03 3.999919509887695312e+01 3.571596907114837904e-10
4.493840504437685013e-03 3.999937057495117188e+01 2.357299633271026096e-10
3.548911772668361664e-03 3.999951171875000000e+01 1.429651952378208080e-10
2.775330562144517899e-03 3.999963378906250000e+01 8.249172178675934219e-11
2.017481718212366104e-03 3.999974060058593750e+01 4.388230750995703033e-11
1.433305209502577782e-03 3.999983215332031250e+01 2.030296764043981739e-11
9.526735520921647549e-04 3.999989318847656250e+01 9.200849283852452487e-12
6.217311020009219646e-04 3.999993133544921875e+01 3.656348661340569350e-12
4.354640259407460690e-04 3.999995040893554688e+01 2.126325591295108453e-12
3.825624007731676102e-04 3.999994277954101562e+01 2.742330884944466085e-12
4.875065642409026623e-04 3.999991607666015625e+01 5.428820587516369756e-12
6.870108190923929214e-04 3.999986648559570312e+01 1.146196245555008986e-11
1.066703698597848415e-03 3.999980545043945312e+01 2.308193046418605121e-11
1.511214999482035637e-03 3.999971008300781250e+01 4.237779918647710531e-11
2.148675732314586639e-03 3.999961471557617188e+01 7.337110780047950698e-11
2.701623830944299698e-03 3.999949645996093750e+01 1.182453857051513069e-10
3.532762639224529266e-03 3.999936676025390625e+01 1.765237123141361053e-10
4.205318633466959000e-03 3.999923706054687500e+01 2.488788897192506511e-10
5.044163670390844345e-03 3.999908065795898438e+01 3.581435703559066042e-10
5.851503461599349976e-03 3.999894714355468750e+01 4.518309615342275265e-10
6.754579488188028336e-03 3.999876785278320312e+01 6.098600513482210772e-10
7.738885469734668732e-03 3.999865722656250000e+01 7.389449052652707906e-10
8.285354822874069214e-03 3.999847030639648438e+01 9.049365701230271952e-10
8.953577838838100433e-03 3.999836730957031250e+01 1.035898367085508198e-09
9.671995416283607483e-03 3.999819183349609375e+01 1.160594620408517130e-09
1.010419055819511414e-02 3.999805068969726562e+01 1.325810239372060551e-09
1.087098475545644760e-02 3.999792098999023438e+01 1.332827070932296465e-09
1.098174322396516800e-02 3.999780273437500000e+01 1.489463108406141600e-09
1.156415231525897980e-02 3.999776458740234375e+01 1.561932361227036381e-09
1.160247996449470520e-02 3.999760437011718750e+01 1.496030077596799401e-09
1.164581812918186188e-02 3.999757385253906250e+01 1.528370430214920361e-09
1.175318099558353424e-02 3.999750900268554688e+01 1.458282050670334229e-09
1.177015900611877441e-02 3.999747848510742188e+01 1.324324649942809629e-09
1.172100938856601715e-02 3.999744415283203125e+01 1.231668211865155627e-09
1.155315805226564407e-02 3.999742889404296875e+01 1.017952833137769630e-09
1.142332050949335098e-02 3.999743270874023438e+01 8.983910282367446598e-10
1.105146389454603195e-02 3.999746704101562500e+01 7.717187999745078741e-10
1.081966236233711243e-02 3.999744796752929688e+01 5.931359292610238754e-10
1.012446824461221695e-02 3.999751281738281250e+01 4.458498292780888050e-10
1.003074739128351212e-02 3.999748229980468750e+01 3.615348298513509917e-10
9.453543461859226227e-03 3.999753952026367188e+01 2.569877921576591007e-10
9.465126320719718933e-03 3.999764251708984375e+01 1.960479695251038379e-10
8.969855494797229767e-03 3.999772262573242188e+01 1.561523965687428017e-10
8.675597608089447021e-03 3.999777984619140625e+01 1.423823142721047930e-10
8.459070697426795959e-03 3.999786758422851562e+01 1.566308055478415895e-10
8.396858349442481995e-03 3.999788665771484375e+01 1.860953197097003908e-10
8.401040919125080109e-03 3.999805068969726562e+01 2.406566890211792042e-10
8.071386255323886871e-03 3.999811172485351562e+01 2.824813716273411046e-10
7.957736030220985413e-03 3.999819946289062500e+01 3.526628988836932876e-10
7.643651217222213745e-03 3.999824905395507812e+01 3.951866056617348022e-10
7.182324305176734924e-03 3.999835968017578125e+01 4.411775944568319119e-10
7.263768929988145828e-03 3.999842071533203125e+01 4.648043061550310995e-10
7.032097782939672470e-03 3.999859237670898438e+01 5.074652364989162834e-10
6.793938111513853073e-03 3.999863815307617188e+01 5.131437497141178028e-10
6.366111803799867630e-03 3.999874114990234375e+01 5.181249873587034926e-10
6.263509392738342285e-03 3.999883270263671875e+01 4.756628979585286743e-10
5.832252558320760727e-03 3.999895095825195312e+01 4.256373586919437457e-10
5.508728325366973877e-03 3.999905395507812500e+01 3.884243482410454362e-10
5.079254042357206345e-03 3.999914550781250000e+01 3.234586765099578543e-10
4.626097157597541809e-03 3.999925613403320312e+01 2.842435731231773843e-10
4.341861233115196228e-03 3.999934768676757812e+01 2.126779169442372108e-10
3.835632931441068649e-03 3.999945068359375000e+01 1.829780216233700685e-10
3.456616075709462166e-03 3.999953460693359375e+01 1.425901202667390066e-10
2.998359501361846924e-03 3.999961090087890625e+01 9.937877604171418966e-11
2.551693934947252274e-03 3.999967575073242188e+01 7.356566744665116175e-11
2.192676998674869537e-03 3.999974822998046875e+01 4.672672665462229702e-11
1.782620092853903770e-03 3.999980545043945312e+01 2.811630962773481457e-11
1.440428430214524269e-03 3.999985122680664062e+01 1.556821511983219608e-11
1.135595026426017284e-03 3.999988937377929688e+01 8.404634627146023718e-12
8.692694245837628841e-04 3.999991989135742188e+01 4.345890401019625315e-12
6.606137612834572792e-04 3.999993896484375000e+01 3.090531303096000215e-12
5.182282766327261925e-04 3.999994277954101562e+01 3.024071010965245776e-12
4.345235356595367193e-04 3.999993515014648438e+01 3.506448820536633981e-12
4.313561657909303904e-04 3.999991989135742188e+01 3.813205393804475207e-12
4.801913164556026459e-04 3.999989318847656250e+01 4.099517600386626270e-12
6.410859059542417526e-04 3.999985122680664062e+01 4.264374877521737162e-12
8.334802114404737949e-04 3.999980163574218750e+01 5.533469082247277626e-12
1.091917511075735092e-03 3.999974441528320312e+01 8.617990002179887199e-12
1.426547532901167870e-03 3.999967956542968750e+01 1.496698251446382244e-11
1.839903183281421661e-03 3.999961090087890625e+01 2.610680421843980525e-11
2.211171202361583710e-03 3.999952697753906250e+01 4.585297419534839491e-11
2.679188968613743782e-03 3.999943923950195312e+01 7.057213841088483264e-11
3.124527866020798683e-03 3.999935150146484375e+01 1.041020117331648009e-10
3.641855902969837189e-03 3.999924468994140625e+01 1.396928128727381591e-10
4.134798888117074966e-03 3.999918365478515625e+01 1.840536473229903436e-10
4.541099537163972855e-03 3.999908447265625000e+01 2.429063894471283902e-10
4.945578053593635559e-03 3.999898529052734375e+01 2.973263302230577665e-10
5.668912082910537720e-03 3.999892044067382812e+01 3.552469984846595707e-10
5.808079615235328674e-03 3.999882507324218750e+01 4.133502429226609820e-10
6.055523641407489777e-03 3.999874496459960938e+01 4.547314191860607480e-10
6.536752451211214066e-03 3.999869918823242188e+01 4.825613242331883157e-10
6.688082125037908554e-03 3.999864196777343750e+01 4.943112585920061974e-10
6.625730078667402267e-03 3.999858093261718750e+01 5.165924910066621578e-10
6.846304982900619507e-03 3.999857330322265625e+01 5.193107055490031598e-10
6.836872547864913940e-03 3.999851989746093750e+01 5.183904416838913676e-10
6.719108670949935913e-03 3.999855041503906250e+01 4.796918418037421361e-10
6.874813698232173920e-03 3.999853515625000000e+01 4.355526772581441719e-10
6.722843274474143982e-03 3.999850845336914062e+01 3.733807429906477182e-10
6.334420293569564819e-03 3.999854660034179688e+01 3.301958151347150761e-10
6.258987821638584137e-03 3.999854660034179688e+01 2.568029122684833965e-10
5.736032035201787949e-03 3.999858474731445312e+01 2.022520623201629064e-10
5.823597311973571777e-03 3.999861907958984375e+01 1.406689487115642123e-10
5.352675449103116989e-03 3.999866485595703125e+01 9.838542480711254257e-11
5.104339681565761566e-03 3.999870300292968750e+01 5.676831227319212303e-11
4.973256494849920273e-03 3.999874496459960938e+01 3.248325913807192933e-11
4.938818980008363724e-03 3.999882507324218750e+01 1.564403294407323841e-11
4.669574089348316193e-03 3.999883270263671875e+01 8.166783221907891743e-12
4.372325725853443146e-03 3.999889755249023438e+01 9.613854851098224685e-12
4.155363887548446655e-03 3.999895095825195312e+01 1.813959399354914126e-11
3.977964166551828384e-03 3.999899291992187500e+01 3.311689117380112179e-11
3.818233730271458626e-03 3.999906921386718750e+01 5.103486036550641813e-11
3.762618172913789749e-03 3.999911880493164062e+01 6.996540846682108850e-11
3.640374634414911270e-03 3.999915695190429688e+01 9.092405994781671552e-11
3.519484307616949081e-03 3.999920654296875000e+01 1.033371443970310111e-10
3.340591210871934891e-03 3.999928283691406250e+01 1.146723271894245499e-10
3.177271224558353424e-03 3.999932861328125000e+01 1.242565633718939466e-10
3.131959587335586548e-03 3.999938201904296875e+01 1.283072814661778693e-10
3.079273737967014313e-03 3.999942016601562500e+01 1.239493646609801658e-10
2.914693905040621758e-03 3.999948120117187500e+01 1.156575946126281451e-10
2.750570885837078094e-03 3.999953842163085938e+01 1.057352400080091570e-10
2.600540872663259506e-03 3.999958419799804688e+01 9.324569588686770771e-11
2.442227676510810852e-03 3.999962997436523438e+01 8.325157230260060714e-11
2.325898269191384315e-03 3.999967956542968750e+01 6.978070204999298198e-11
2.115451963618397713e-03 3.999972534179687500e+01 5.232336439120466309e-11
1.896195579320192337e-03 3.999976348876953125e+01 3.773194257039591548e-11
1.713743433356285095e-03 3.999980163574218750e+01 2.637972999763871229e-11
1.525291358120739460e-03 3.999983215332031250e+01 1.772224034191083319e-11
1.327183446846902370e-03 3.999986648559570312e+01 1.009524581985221658e-11
1.135516213253140450e-03 3.999988937377929688e+01 5.365520961558845059e-12
9.645910467952489853e-04 3.999991226196289062e+01 2.379096485788378956e-12
8.035238715820014477e-04 3.999993133544921875e+01 9.924151344459231083e-13
6.612830911763012409e-04 3.999994277954101562e+01 6.611429069144914017e-13
5.436730571091175079e-04 3.999995040893554688e+01 1.039167558426756788e-12
4.555218038149178028e-04 3.999995422363281250e+01 1.560315678744705892e-12
4.061674408148974180e-04 3.999994659423828125e+01 2.080864126841053263e-12
3.843615995720028877e-04 3.999993515014648438e+01 2.325534296382381072e-12
3.895390836987644434e-04 3.999991989135742188e+01 2.235252347798644124e-12
4.518285859376192093e-04 3.999989318847656250e+01 2.097440927537053135e-12
5.406908458098769188e-04 3.999987411499023438e+01 2.119908415476601249e-12
6.708638975396752357e-04 3.999983596801757812e+01 2.588885919876937614e-12
8.434246992692351341e-04 3.999980163574218750e+01 4.302176236786747765e-12
1.056989654898643494e-03 3.999976348876953125e+01 7.338580264304450651e-12
1.253389869816601276e-03 3.999972534179687500e+01 1.213594502669224084e-11
1.486660214141011238e-03 3.999967193603515625e+01 1.986842634860153112e-11
1.743457978591322899e-03 3.999962234497070312e+01 2.983427740965716168e-11
1.999733969569206238e-03 3.999957275390625000e+01 4.254628940825178063e-11
2.261465881019830704e-03 3.999952697753906250e+01 5.623450316516453995e-11
2.500331029295921326e-03 3.999947357177734375e+01 6.941079655486959155e-11
2.894192468374967575e-03 3.999943542480468750e+01 9.024355568376662973e-11
3.022614400833845139e-03 3.999938583374023438e+01 1.055270315575285167e-10
3.233085852116346359e-03 3.999935150146484375e+01 1.184010528509915616e-10
3.516978817060589790e-03 3.999931335449218750e+01 1.368844482207975943e-10
3.534111194312572479e-03 3.999929046630859375e+01 1.468498100898329994e-10
3.606765065342187881e-03 3.999925994873046875e+01 1.581323544330714981e-10
3.713173326104879379e-03 3.999926757812500000e+01 1.580883063345694950e-10
3.835488576442003250e-03 3.999920654296875000e+01 1.570414492890748193e-10
3.967676311731338501e-03 3.999920654296875000e+01 1.584008479937892844e-10
3.754946403205394745e-03 3.999917602539062500e+01 1.588239956218373550e-10
3.594037843868136406e-03 3.999921417236328125e+01 1.449324826818809697e-10
3.623667405918240547e-03 3.999922180175781250e+01 1.201210103607408541e-10
3.638973692432045937e-03 3.999920654296875000e+01 1.168523056094272761e-10
3.371233353391289711e-03 3.999923706054687500e+01 9.567852066183490933e-11
3.300386480987071991e-03 3.999921798706054688e+01 8.247019039897551806e-11
3.101234789937734604e-03 3.999925994873046875e+01 6.824212028799792051e-11
3.157112048938870430e-03 3.999925994873046875e+01 5.297201566278886276e-11
2.882299013435840607e-03 3.999931716918945312e+01 4.318686727677878423e-11
2.768235048279166222e-03 3.999933624267578125e+01 3.420199887194108612e-11
2.582892775535583496e-03 3.999937438964843750e+01 2.402112536659117836e-11
2.428894862532615662e-03 3.999939346313476562e+01 1.922746337146286066e-11
2.283673034980893135e-03 3.999942779541015625e+01 1.544280155141297683e-11
2.100078156217932701e-03 3.999945831298828125e+01 1.358469326612210537e-11
2.020942280068993568e-03 3.999950790405273438e+01 1.333966791194907131e-11
1.902921125292778015e-03 3.999954223632812500e+01 1.339872483796522573e-11
1.724769361317157745e-03 3.999955749511718750e+01 1.473880219260426117e-11
1.684996765106916428e-03 3.999959945678710938e+01 1.709326083454421052e-11
1.578909810632467270e-03 3.999962615966796875e+01 1.883223091359020884e-11
1.490099006332457066e-03 3.999966049194335938e+01 2.020071263042488852e-11
1.456858008168637753e-03 3.999969100952148438e+01 2.095585163730540046e-11
1.392713864333927631e-03 3.999971389770507812e+01 2.259843007168527151e-11
1.292640459723770618e-03 3.999974822998046875e+01 2.157031844807200116e-11
1.235846662893891335e-03 3.999977493286132812e+01 2.072050170331962704e-11
1.210345653817057610e-03 3.999979782104492188e+01 1.943872146581426819e-11
1.146853785030543804e-03 3.999981689453125000e+01 1.751887697409859612e-11
1.090194215066730976e-03 3.999984359741210938e+01 1.420952244757245353e-11
1.033138949424028397e-03 3.999986267089843750e+01 1.226363021550325172e-11
9.705536067485809326e-04 3.999988174438476562e+01 9.298415336311816048e-12
9.182943613268435001e-04 3.999990081787109375e+01 6.433714672127166523e-12
8.520303526893258095e-04 3.999990844726562500e+01 4.319035146888028365e-12
7.936516194604337215e-04 3.999992370605468750e+01 2.708675081106171056e-12
7.283141603693366051e-04 3.999993133544921875e+01 1.619369785835211850e-12
6.650976720266044140e-04 3.999994277954101562e+01 1.033592699276053573e-12
6.031217053532600403e-04 3.999994659423828125e+01 8.493295585061677588e-13
5.452418699860572815e-04 3.999995422363281250e+01 9.666950399889184808e-13
4.939208738505840302e-04 3.999995422363281250e+01 1.368656815485536082e-12
4.453878500498831272e-04 3.999995422363281250e+01 1.769573636928312155e-12
4.182160191703587770e-04 3.999994659423828125e+01 2.273746945932741959e-12
4.006000817753374577e-04 3.999993896484375000e+01 2.481358651537646232e-12
3.901900490745902061e-04 3.999993133544921875e+01 2.518802657766605613e-12
3.974601859226822853e-04 3.999991989135742188e+01 2.321177972053334315e-12
4.321897577028721571e-04 3.999990463256835938e+01 1.988466899818797096e-12
4.712566442321985960e-04 3.999988937377929688e+01 1.562828750960310042e-12
5.312916473485529423e-04 3.999986267089843750e+01 1.127133325909412953e-12
5.866049905307590961e-04 3.999984741210937500e+01 9.940726627272189475e-13
6.869587814435362816e-04 3.999982452392578125e+01 1.317749837199955198e-12
8.092712378129363060e-04 3.999980163574218750e+01 2.240789368293527595e-12
9.542487096041440964e-04 3.999977111816406250e+01 3.942630943942759814e-12
1.092792255803942680e-03 3.999974822998046875e+01 6.513596086110684524e-12
1.229377929121255875e-03 3.999971389770507812e+01 9.875415589444269671e-12
1.342592411674559116e-03 3.999969482421875000e+01 1.414444863317987355e-11
1.532402355223894119e-03 3.999966049194335938e+01 1.958880627150882958e-11
1.657722517848014832e-03 3.999964141845703125e+01 2.448158689660751008e-11
1.750468043610453606e-03 3.999961853027343750e+01 3.147181473761584414e-11
1.921025803312659264e-03 3.999959564208984375e+01 3.548287705323893704e-11
1.987182535231113434e-03 3.999956893920898438e+01 4.237415279773060206e-11
2.039620652794837952e-03 3.999954986572265625e+01 4.647696463799810829e-11
2.131108660250902176e-03 3.999954986572265625e+01 4.825027877242149543e-11
2.185533754527568817e-03 3.999953842163085938e+01 4.944071194112886758e-11
2.249222015962004662e-03 3.999954986572265625e+01 5.133160563275396271e-11
2.202351111918687820e-03 3.999953842163085938e+01 5.158926411064079787e-11
2.154467627406120300e-03 3.999953842163085938e+01 4.970594422171181748e-11
2.081301994621753693e-03 3.999954223632812500e+01 4.742010603631108268e-11
2.066551242023706436e-03 3.999954986572265625e+01 4.092715402692626014e-11
2.039972925558686256e-03 3.999956130981445312e+01 3.822209562742706623e-11
1.855472452007234097e-03 3.999957275390625000e+01 2.949732125223647472e-11
1.798003795556724072e-03 3.999959945678710938e+01 2.498866912004071850e-11
1.732116797938942909e-03 3.999961090087890625e+01 2.021806159990813256e-11
1.629382837563753128e-03 3.999962615966796875e+01 1.513901504157644240e-11
1.477936748415231705e-03 3.999964523315429688e+01 1.102891909743330956e-11
1.339529873803257942e-03 3.999966049194335938e+01 7.429983711615406605e-12
1.212956616654992104e-03 3.999969100952148438e+01 4.777550317164314109e-12
1.162962289527058601e-03 3.999971008300781250e+01 2.885584566431065312e-12
1.041484996676445007e-03 3.999973297119140625e+01 1.779860980821723615e-12
9.794032666832208633e-04 3.999975585937500000e+01 1.340079631463597654e-12
8.628374780528247356e-04 3.999977111816406250e+01 1.313645589876011321e-12
8.227824582718312740e-04 3.999979400634765625e+01 1.746190431833882784e-12
7.556184427812695503e-04 3.999981307983398438e+01 2.388559836030701433e-12
6.695376359857618809e-04 3.999983215332031250e+01 3.243778509687267331e-12
6.682872772216796875e-04 3.999985122680664062e+01 3.816909895787423679e-12
6.336966762319207191e-04 3.999987030029296875e+01 4.434836178845991128e-12
6.051152013242244720e-04 3.999988174438476562e+01 4.731765760462858239e-12
5.909096216782927513e-04 3.999989318847656250e+01 4.998863736144221193e-12
5.747122922912240028e-04 3.999990844726562500e+01 4.256928143320237723e-12
5.675071734003722668e-04 3.999991989135742188e+01 3.993177316585772019e-12
5.453827325254678726e-04 3.999992752075195312e+01 3.422617441198316790e-12
5.362780066207051277e-04 3.999993515014648438e+01 2.755596315365260729e-12
5.210239905864000320e-04 3.999994277954101562e+01 2.081427261449442234e-12
5.044079734943807125e-04 3.999995040893554688e+01 1.419254145630655106e-12
4.878569743596017361e-04 3.999995803833007812e+01 8.995771250304429589e-13
4.613379715010523796e-04 3.999995803833007812e+01 5.330735852737689129e-13
4.381430044304579496e-04 3.999996566772460938e+01 3.219002755322497578e-13
4.117475764360278845e-04 3.999996566772460938e+01 2.647054125372305666e-13
3.830485511571168900e-04 3.999996566772460938e+01 3.410692409923365975e-13
3.565396182239055634e-04 3.999996566772460938e+01 5.220462733976360958e-13
3.293131012469530106e-04 3.999996566772460938e+01 7.413087071278523510e-13
3.070890088565647602e-04 3.999996566772460938e+01 9.464027868680280342e-13
2.959740231744945049e-04 3.999995803833007812e+01 1.001975303942248541e-12
2.858659427147358656e-04 3.999995422363281250e+01 1.088769699397751367e-12
2.730360138230025768e-04 3.999994659423828125e+01 9.550754284659568327e-13
2.767343539744615555e-04 3.999994277954101562e+01 8.456003367136866178e-13
3.082219045609235764e-04 3.999992752075195312e+01 5.801534383106932147e-13
3.383101720828562975e-04 3.999991989135742188e+01 3.666653569309175076e-13
3.559347242116928101e-04 3.999990844726562500e+01 2.339732140671513250e-13
4.183209966868162155e-04 3.999989318847656250e+01 2.411037135999910541e-13
4.744485486298799515e-04 3.999988174438476562e+01 4.630329865189242167e-13
5.456111393868923187e-04 3.999987030029296875e+01 9.475455359578277559e-13
6.262891110964119434e-04 3.999985122680664062e+01 1.738184357731598073e-12
6.999357719905674458e-04 3.999983978271484375e+01 2.842031731481453605e-12
7.776074926368892193e-04 3.999982452392578125e+01 4.244920821100395258e-12
8.294808212667703629e-04 3.999980926513671875e+01 6.182056602743735141e-12
9.165049996227025986e-04 3.999979782104492188e+01 7.547944907981829488e-12
9.880898287519812584e-04 3.999978256225585938e+01 9.208292982287868966e-12
1.047614030539989471e-03 3.999976730346679688e+01 1.076580404685278936e-11
1.118543208576738834e-03 3.999976730346679688e+01 1.290000745113317748e-11
1.170890056528151035e-03 3.999975585937500000e+01 1.495580395638462790e-11
1.242534723132848740e-03 3.999975204467773438e+01 1.510905116297589501e-11
1.239982433617115021e-03 3.999974060058593750e+01 1.632655122207893328e-11
1.266793231479823589e-03 3.999974822998046875e+01 1.567143116665281610e-11
1.240579993464052677e-03 3.999973678588867188e+01 1.585923233016206524e-11
1.221804413944482803e-03 3.999974822998046875e+01 1.571657387566816055e-11
1.190433395095169544e-03 3.999975204467773438e+01 1.456794407328487750e-11
1.197521691210567951e-03 3.999975204467773438e+01 1.341048019160018256e-11
1.101176487281918526e-03 3.999975967407226562e+01 1.234428444879531739e-11
1.090637175366282463e-03 3.999977111816406250e+01 1.076397304622389584e-11
1.028974307700991631e-03 3.999977874755859375e+01 9.467000967877670092e-12
9.524408378638327122e-04 3.999979019165039062e+01 7.466004377232327016e-12
8.856240892782807350e-04 3.999980545043945312e+01 6.410025288339227245e-12
8.237813017331063747e-04 3.999980926513671875e+01 4.834196411229729762e-12
7.399095338769257069e-04 3.999982452392578125e+01 3.774480294288506954e-12
6.918607978150248528e-04 3.999983978271484375e+01 2.842668374997137093e-12
6.212570006027817726e-04 3.999985122680664062e+01 2.062585345574685647e-12
5.605862243101000786e-04 3.999986648559570312e+01 1.431629120807187405e-12
4.870667762588709593e-04 3.999987792968750000e+01 1.095960236625892481e-12
4.273429512977600098e-04 3.999988937377929688e+01 8.077296969298541907e-13
4.048687405884265900e-04 3.999990081787109375e+01 7.129209332254471398e-13
3.512211551424115896e-04 3.999991607666015625e+01 6.963498245908528173e-13
3.252752940170466900e-04 3.999992370605468750e+01 7.451506317361633602e-13
2.953240182250738144e-04 3.999993133544921875e+01 8.014657730884278131e-13
2.740069758147001266e-04 3.999994277954101562e+01 8.743872596458923674e-13
2.600576553959399462e-04 3.999994659423828125e+01 9.308613992467518194e-13
2.528298937249928713e-04 3.999995803833007812e+01 8.695744319921205889e-13
2.452519838698208332e-04 3.999996566772460938e+01 7.877811901077502732e-13
2.362808445468544960e-04 3.999996566772460938e+01 6.794933539444603099e-13
2.411982713965699077e-04 3.999996948242187500e+01 5.406312875676222429e-13
2.440495009068399668e-04 3.999996948242187500e+01 3.861213107060612604e-13
2.446938597131520510e-04 3.999997711181640625e+01 2.405600404205981979e-13
