1.629571081139147282e-03 5.999979248046875000e+02 1.413963113261473836e-10
4.800960887223482132e-03 5.999938354492187500e+02 1.292510543038360993e-09
9.484998881816864014e-03 5.999874877929687500e+02 4.611095061335390710e-09
1.504332851618528366e-02 5.999795532226562500e+02 1.324233878108316276e-08
2.208115905523300171e-02 5.999713745117187500e+02 2.747790972534858156e-08
3.054035454988479614e-02 5.999600830078125000e+02 5.396666225010449125e-08
4.101575165987014771e-02 5.999469604492187500e+02 8.990325284230493708e-08
5.174330621957778931e-02 5.999326171875000000e+02 1.488330241272706189e-07
6.451124697923660278e-02 5.999135131835937500e+02 2.254229514164762804e-07
7.689861953258514404e-02 5.999009399414062500e+02 3.306182350115705049e-07
9.352408349514007568e-02 5.998796997070312500e+02 4.826141548619489186e-07
1.093975827097892761e-01 5.998556518554687500e+02 7.005752991062763613e-07
1.287292540073394775e-01 5.998339843750000000e+02 8.977958145806042012e-07
1.476224362850189209e-01 5.998070678710937500e+02 1.267667016691120807e-06
1.671793013811111450e-01 5.997836914062500000e+02 1.576668864800012670e-06
1.877567172050476074e-01 5.997566528320312500e+02 2.043130962192662992e-06
2.170580923557281494e-01 5.997276611328125000e+02 2.722712224567658268e-06
2.357046753168106079e-01 5.996859741210937500e+02 3.169184992657392286e-06
2.612812519073486328e-01 5.996608276367187500e+02 4.168680789007339627e-06
2.888193428516387939e-01 5.996260375976562500e+02 4.716963758255587891e-06
3.099079430103302002e-01 5.995843505859375000e+02 5.692873855878133327e-06
3.434247672557830811e-01 5.995784912109375000e+02 6.775705969630507752e-06
3.769054114818572998e-01 5.995130615234375000e+02 8.338278348674066365e-06
4.062131047248840332e-01 5.994763793945312500e+02 1.005795002129161730e-05
4.448289275169372559e-01 5.994270019531250000e+02 1.129258725995896384e-05
4.781914353370666504e-01 5.993652954101562500e+02 1.438706658518640324e-05
5.075445175170898438e-01 5.993469848632812500e+02 1.499029167462140322e-05
5.410737991333007812e-01 5.992720947265625000e+02 1.911728213599417359e-05
5.821979045867919922e-01 5.992457885742187500e+02 2.106066676788032055e-05
6.131279468536376953e-01 5.991779174804687500e+02 2.386004234722349793e-05
6.687909364700317383e-01 5.991401367187500000e+02 2.743974800978321582e-05
7.130160331726074219e-01 5.990590209960937500e+02 3.026976992259733379e-05
7.517933249473571777e-01 5.989996948242187500e+02 3.253004251746460795e-05
7.919728159904479980e-01 5.989724121093750000e+02 4.054596502101048827e-05
8.505303859710693359e-01 5.989254760742187500e+02 4.129096851102076471e-05
8.926628828048706055e-01 5.988538818359375000e+02 5.264285573503002524e-05
9.337568283081054688e-01 5.987550048828125000e+02 5.400864756666123867e-05
9.826871752738952637e-01 5.986910400390625000e+02 5.910513209528289735e-05
1.041717052459716797e+00 5.986415405273437500e+02 7.058924529701471329e-05
1.105463385581970215e+00 5.986039428710937500e+02 7.288395863724872470e-05
1.170346260070800781e+00 5.984836425781250000e+02 8.210513624362647533e-05
1.187448859214782715e+00 5.984193115234375000e+02 9.949739614967256784e-05
1.262186765670776367e+00 5.983903808593750000e+02 1.029722698149271309e-04
1.332902908325195312e+00 5.983285522460937500e+02 1.159166204161010683e-04
1.373949646949768066e+00 5.981320800781250000e+02 1.168305971077643335e-04
1.437628149986267090e+00 5.981260986328125000e+02 1.217599565279670060e-04
1.509766340255737305e+00 5.980559082031250000e+02 1.476324541727080941e-04
1.559921026229858398e+00 5.979194335937500000e+02 1.573276240378618240e-04
1.630412220954895020e+00 5.978267211914062500e+02 1.781938917702063918e-04
1.696857094764709473e+00 5.978194580078125000e+02 1.808874512789770961e-04
1.761838316917419434e+00 5.977300415039062500e+02 2.032498014159500599e-04
1.817500948905944824e+00 5.976537475585937500e+02 2.383610117249190807e-04
1.915054440498352051e+00 5.975853881835937500e+02 2.448426384944468737e-04
1.960405349731445312e+00 5.974637451171875000e+02 2.671932161320000887e-04
2.038400173187255859e+00 5.973246459960937500e+02 2.688092354219406843e-04
2.120944976806640625e+00 5.972708129882812500e+02 3.051658859476447105e-04
2.205427885055541992e+00 5.972250366210937500e+02 2.886646834667772055e-04
2.272707462310791016e+00 5.971681518554687500e+02 3.473824181128293276e-04
2.362220048904418945e+00 5.970289916992187500e+02 3.780337865464389324e-04
2.457744598388671875e+00 5.968248291015625000e+02 4.131163586862385273e-04
2.436965942382812500e+00 5.968126831054687500e+02 4.241330025251954794e-04
2.602208614349365234e+00 5.966565551757812500e+02 4.421054327394813299e-04
2.677513599395751953e+00 5.965597534179687500e+02 4.549861187115311623e-04
2.735868930816650391e+00 5.963391723632812500e+02 4.843038914259523153e-04
2.784904718399047852e+00 5.963994750976562500e+02 5.625557969324290752e-04
2.867074012756347656e+00 5.962592773437500000e+02 6.077568978071212769e-04
2.975436687469482422e+00 5.961203613281250000e+02 6.946450448594987392e-04
3.039889097213745117e+00 5.960341796875000000e+02 7.059733616188168526e-04
3.123576641082763672e+00 5.959176635742187500e+02 6.912928656674921513e-04
3.224366903305053711e+00 5.957395019531250000e+02 7.555333431810140610e-04
3.363904476165771484e+00 5.956429443359375000e+02 8.355129393748939037e-04
3.410920858383178711e+00 5.954773559570312500e+02 8.505469304509460926e-04
3.527852058410644531e+00 5.954688720703125000e+02 8.346432005055248737e-04
3.612944602966308594e+00 5.953590698242187500e+02 9.989389218389987946e-04
3.694237709045410156e+00 5.953990478515625000e+02 1.059353351593017578e-03
3.837791681289672852e+00 5.950930786132812500e+02 1.040109782479703426e-03
3.892010927200317383e+00 5.948011474609375000e+02 1.213356736116111279e-03
4.025181293487548828e+00 5.948558959960937500e+02 1.225084299221634865e-03
4.198396205902099609e+00 5.945958862304687500e+02 1.279111253097653389e-03
4.279917240142822266e+00 5.944565429687500000e+02 1.198901329189538956e-03
4.392292976379394531e+00 5.943550415039062500e+02 1.408965908922255039e-03
4.429728984832763672e+00 5.941406860351562500e+02 1.427510753273963928e-03
4.532506465911865234e+00 5.943288574218750000e+02 1.502848463132977486e-03
4.684186458587646484e+00 5.938103637695312500e+02 1.627809950150549412e-03
4.779990673065185547e+00 5.938454589843750000e+02 1.767187262885272503e-03
4.911868572235107422e+00 5.937210083007812500e+02 1.827790518291294575e-03
5.043289661407470703e+00 5.935889282226562500e+02 1.906843041069805622e-03
5.147477149963378906e+00 5.934298095703125000e+02 2.102036727592349052e-03
5.288964271545410156e+00 5.932667846679687500e+02 2.041599014773964882e-03
5.385919570922851562e+00 5.932333374023437500e+02 2.064730040729045868e-03
5.435737609863281250e+00 5.928824462890625000e+02 2.159322379156947136e-03
5.661406040191650391e+00 5.928988647460937500e+02 2.536081708967685699e-03
5.788068294525146484e+00 5.926250610351562500e+02 2.436575246974825859e-03
5.960764884948730469e+00 5.924708251953125000e+02 2.827402204275131226e-03
5.978732585906982422e+00 5.924613647460937500e+02 2.994733396917581558e-03
6.064265727996826172e+00 5.922582397460937500e+02 2.848545555025339127e-03
6.301098823547363281e+00 5.919918212890625000e+02 2.912302501499652863e-03
6.476700305938720703e+00 5.919658813476562500e+02 3.183965338394045830e-03
6.613462448120117188e+00 5.917546997070312500e+02 3.688904223963618279e-03
6.754024982452392578e+00 5.913616943359375000e+02 3.417710307985544205e-03
6.818285942077636719e+00 5.912822265625000000e+02 3.512497525662183762e-03
6.980276107788085938e+00 5.911071166992187500e+02 3.641279414296150208e-03
7.109366416931152344e+00 5.908061523437500000e+02 4.134141840040683746e-03
7.265572547912597656e+00 5.908464965820312500e+02 3.907463047653436661e-03
7.514155387878417969e+00 5.904224243164062500e+02 4.240292590111494064e-03
7.583403587341308594e+00 5.902355346679687500e+02 4.457641858607530594e-03
7.702655792236328125e+00 5.902015380859375000e+02 4.571042489260435104e-03
7.897818088531494141e+00 5.893275756835937500e+02 4.854574333876371384e-03
8.067783355712890625e+00 5.896074218750000000e+02 4.874010570347309113e-03
8.142972946166992188e+00 5.893995971679687500e+02 5.266501102596521378e-03
8.454959869384765625e+00 5.894644165039062500e+02 5.252205766737461090e-03
8.540282249450683594e+00 5.891248168945312500e+02 5.449995398521423340e-03
8.662639617919921875e+00 5.887490234375000000e+02 5.718090105801820755e-03
8.892934799194335938e+00 5.885247192382812500e+02 6.113591603934764862e-03
9.067433357238769531e+00 5.887122192382812500e+02 6.864230614155530930e-03
9.134574890136718750e+00 5.882705688476562500e+02 6.719721015542745590e-03
9.253767013549804688e+00 5.881175537109375000e+02 6.132352631539106369e-03
9.539677619934082031e+00 5.879827880859375000e+02 6.866049021482467651e-03
9.820046424865722656e+00 5.878500976562500000e+02 7.061336189508438110e-03
9.928033828735351562e+00 5.874061279296875000e+02 7.553445640951395035e-03
9.976630210876464844e+00 5.870911254882812500e+02 7.877346128225326538e-03
1.026806640625000000e+01 5.869155883789062500e+02 7.914610207080841064e-03
1.044591808319091797e+01 5.866000976562500000e+02 8.162364363670349121e-03
1.070884609222412109e+01 5.866851806640625000e+02 8.339144289493560791e-03
1.095830726623535156e+01 5.863629760742187500e+02 8.701750077307224274e-03
1.093497848510742188e+01 5.861061401367187500e+02 8.786547929048538208e-03
1.106454181671142578e+01 5.857467651367187500e+02 9.679202921688556671e-03
1.124586200714111328e+01 5.855750732421875000e+02 9.280884638428688049e-03
1.148207950592041016e+01 5.851041259765625000e+02 1.098468154668807983e-02
1.159199810028076172e+01 5.848928222656250000e+02 1.108235027641057968e-02
1.202123832702636719e+01 5.846809082031250000e+02 1.113546825945377350e-02
1.205694484710693359e+01 5.848003540039062500e+02 1.164754852652549744e-02
1.236790084838867188e+01 5.840689086914062500e+02 1.114570721983909607e-02
1.262333297729492188e+01 5.842104492187500000e+02 1.281107775866985321e-02
1.297032642364501953e+01 5.839384765625000000e+02 1.220890879631042480e-02
1.300144290924072266e+01 5.835017700195312500e+02 1.290854252874851227e-02
1.313553333282470703e+01 5.835239868164062500e+02 1.301421411335468292e-02
1.325691223144531250e+01 5.828376464843750000e+02 1.400635577738285065e-02
1.353813934326171875e+01 5.826090087890625000e+02 1.397787500172853470e-02
1.403320026397705078e+01 5.820748901367187500e+02 1.566838286817073822e-02
1.407860565185546875e+01 5.823534545898437500e+02 1.424302626401185989e-02
1.425548648834228516e+01 5.821105346679687500e+02 1.618737541139125824e-02
1.460064888000488281e+01 5.813726806640625000e+02 1.729698106646537781e-02
1.468392944335937500e+01 5.807576293945312500e+02 1.594873331487178802e-02
1.475180339813232422e+01 5.809087524414062500e+02 1.897980645298957825e-02
1.514675235748291016e+01 5.809591674804687500e+02 1.769335940480232239e-02
1.571369075775146484e+01 5.802411499023437500e+02 1.896881125867366791e-02
1.566990089416503906e+01 5.799742431640625000e+02 1.915243268013000488e-02
1.593103218078613281e+01 5.806428833007812500e+02 2.095317468047142029e-02
1.605892562866210938e+01 5.793212280273437500e+02 1.910360157489776611e-02
1.616753768920898438e+01 5.792548828125000000e+02 2.127912640571594238e-02
1.690125083923339844e+01 5.789174804687500000e+02 1.905702613294124603e-02
1.637481880187988281e+01 5.793278198242187500e+02 2.126044780015945435e-02
1.686226654052734375e+01 5.781934204101562500e+02 2.171212062239646912e-02
1.727674293518066406e+01 5.779114379882812500e+02 2.327902801334857941e-02
1.752178573608398438e+01 5.781071777343750000e+02 2.492178045213222504e-02
1.804246711730957031e+01 5.779097290039062500e+02 2.476288937032222748e-02
1.818450927734375000e+01 5.773158569335937500e+02 2.630986087024211884e-02
1.849595451354980469e+01 5.768790283203125000e+02 2.428441308438777924e-02
1.869223594665527344e+01 5.769536132812500000e+02 2.753419242799282074e-02
1.869671249389648438e+01 5.756914672851562500e+02 2.733007259666919708e-02
1.933012962341308594e+01 5.759993896484375000e+02 2.650310471653938293e-02
1.914427185058593750e+01 5.754174194335937500e+02 2.902231924235820770e-02
1.940544891357421875e+01 5.752525024414062500e+02 2.914347127079963684e-02
1.985178375244140625e+01 5.748068847656250000e+02 2.896257117390632629e-02
1.980490875244140625e+01 5.743035888671875000e+02 3.123413212597370148e-02
2.049988555908203125e+01 5.747210693359375000e+02 2.914671041071414948e-02
2.066722106933593750e+01 5.738679809570312500e+02 3.410115092992782593e-02
2.105634880065917969e+01 5.735542602539062500e+02 3.381129354238510132e-02
2.160419845581054688e+01 5.734801025390625000e+02 3.689453750848770142e-02
2.168252563476562500e+01 5.724448242187500000e+02 3.630846738815307617e-02
2.149433135986328125e+01 5.725796508789062500e+02 3.805224969983100891e-02
2.191556930541992188e+01 5.721184082031250000e+02 3.759759292006492615e-02
2.234518051147460938e+01 5.719904785156250000e+02 3.770839795470237732e-02
2.277104759216308594e+01 5.714042968750000000e+02 4.104441776871681213e-02
2.258825492858886719e+01 5.709343261718750000e+02 4.354047030210494995e-02
2.323112106323242188e+01 5.703642578125000000e+02 4.209693521261215210e-02
2.307896232604980469e+01 5.695413208007812500e+02 4.464400932192802429e-02
2.357841491699218750e+01 5.698305664062500000e+02 4.537215456366539001e-02
2.400380516052246094e+01 5.697693481445312500e+02 4.643262177705764771e-02
2.481763648986816406e+01 5.690866699218750000e+02 4.409128054976463318e-02
2.500256729125976562e+01 5.698703002929687500e+02 4.968944191932678223e-02
2.487741470336914062e+01 5.688887939453125000e+02 4.308337345719337463e-02
2.527243804931640625e+01 5.680524291992187500e+02 5.321891978383064270e-02
2.529267501831054688e+01 5.679589233398437500e+02 5.390596017241477966e-02
2.592493820190429688e+01 5.673807373046875000e+02 5.182778462767601013e-02
2.566654396057128906e+01 5.676195678710937500e+02 5.488645657896995544e-02
2.659548377990722656e+01 5.667580566406250000e+02 5.576562136411666870e-02
2.655166816711425781e+01 5.658134765625000000e+02 5.571153014898300171e-02
2.684856414794921875e+01 5.654672851562500000e+02 6.114296615123748779e-02
2.734197425842285156e+01 5.661778564453125000e+02 6.374669075012207031e-02
2.800908088684082031e+01 5.651539306640625000e+02 5.701706558465957642e-02
2.846826171875000000e+01 5.643071899414062500e+02 6.700710952281951904e-02
2.854241561889648438e+01 5.646447753906250000e+02 6.433655321598052979e-02
2.826787376403808594e+01 5.639810180664062500e+02 6.891182065010070801e-02
2.893066596984863281e+01 5.637949218750000000e+02 6.253258138895034790e-02
3.003654479980468750e+01 5.634909057617187500e+02 7.141407579183578491e-02
2.981140708923339844e+01 5.631588134765625000e+02 7.091882079839706421e-02
2.965374374389648438e+01 5.623890991210937500e+02 7.060588151216506958e-02
3.042938423156738281e+01 5.619231567382812500e+02 6.900020688772201538e-02
2.997655868530273438e+01 5.607355957031250000e+02 6.876090914011001587e-02
3.108638000488281250e+01 5.604853515625000000e+02 8.091105520725250244e-02
3.141542434692382812e+01 5.602960815429687500e+02 7.541026175022125244e-02
3.128007125854492188e+01 5.598035278320312500e+02 8.035053312778472900e-02
3.203735733032226562e+01 5.603350830078125000e+02 7.516910880804061890e-02
3.189447975158691406e+01 5.607761840820312500e+02 8.169791102409362793e-02
3.241962051391601562e+01 5.588958129882812500e+02 8.178336918354034424e-02
3.316021728515625000e+01 5.596419067382812500e+02 8.636844158172607422e-02
3.361207199096679688e+01 5.583930664062500000e+02 8.462694287300109863e-02
3.367347335815429688e+01 5.584700927734375000e+02 9.172134846448898315e-02
3.360081100463867188e+01 5.569140014648437500e+02 9.872385859489440918e-02
3.427321624755859375e+01 5.578621826171875000e+02 9.858861565589904785e-02
3.430509185791015625e+01 5.563413696289062500e+02 9.116231650114059448e-02
3.502875137329101562e+01 5.567452392578125000e+02 9.761020541191101074e-02
3.528842926025390625e+01 5.559282836914062500e+02 9.662695974111557007e-02
3.593790054321289062e+01 5.554677734375000000e+02 9.837166965007781982e-02
3.545070648193359375e+01 5.537995605468750000e+02 1.089876815676689148e-01
3.594985580444335938e+01 5.545465698242187500e+02 1.136077716946601868e-01
3.696681594848632812e+01 5.534295043945312500e+02 1.060756295919418335e-01
3.758667755126953125e+01 5.533096313476562500e+02 1.163778826594352722e-01
3.791265106201171875e+01 5.522766113281250000e+02 1.140407770872116089e-01
3.760723114013671875e+01 5.530744018554687500e+02 1.176961958408355713e-01
3.872814178466796875e+01 5.520875854492187500e+02 1.196373999118804932e-01
3.807369995117187500e+01 5.517824707031250000e+02 1.267939805984497070e-01
3.959149169921875000e+01 5.508399658203125000e+02 1.232118085026741028e-01
3.961232376098632812e+01 5.505141601562500000e+02 1.294491887092590332e-01
3.979677581787109375e+01 5.504623413085937500e+02 1.249649524688720703e-01
4.014566802978515625e+01 5.505922241210937500e+02 1.390136778354644775e-01
4.040713500976562500e+01 5.477883300781250000e+02 1.308273971080780029e-01
4.116585159301757812e+01 5.502850341796875000e+02 1.290009617805480957e-01
4.119862365722656250e+01 5.491193237304687500e+02 1.312289685010910034e-01
4.230767440795898438e+01 5.476502685546875000e+02 1.432164013385772705e-01
4.203457641601562500e+01 5.481163330078125000e+02 1.361651122570037842e-01
4.273048400878906250e+01 5.487920532226562500e+02 1.559333056211471558e-01
4.285722732543945312e+01 5.461035156250000000e+02 1.432021856307983398e-01
4.334425354003906250e+01 5.459706420898437500e+02 1.508629620075225830e-01
4.354718780517578125e+01 5.469384155273437500e+02 1.659665703773498535e-01
4.430261993408203125e+01 5.439180908203125000e+02 1.526727229356765747e-01
4.433423995971679688e+01 5.443322143554687500e+02 1.670916527509689331e-01
4.463241577148437500e+01 5.441753540039062500e+02 1.725833266973495483e-01
4.520692062377929688e+01 5.453623046875000000e+02 1.628392785787582397e-01
4.670333862304687500e+01 5.422907714843750000e+02 1.646794676780700684e-01
4.651658248901367188e+01 5.430791625976562500e+02 1.845561563968658447e-01
4.704630661010742188e+01 5.399851074218750000e+02 1.750144213438034058e-01
4.714477539062500000e+01 5.417886962890625000e+02 1.673213541507720947e-01
4.852420425415039062e+01 5.411558227539062500e+02 1.883774995803833008e-01
4.762360382080078125e+01 5.413436889648437500e+02 1.934152841567993164e-01
4.932167434692382812e+01 5.391320800781250000e+02 1.800579726696014404e-01
4.953709030151367188e+01 5.388308105468750000e+02 2.015123367309570312e-01
5.021242904663085938e+01 5.378830566406250000e+02 1.828944683074951172e-01
5.022582244873046875e+01 5.376336059570312500e+02 2.038448899984359741e-01
4.965593338012695312e+01 5.369651489257812500e+02 2.002036720514297485e-01
5.092282485961914062e+01 5.347844238281250000e+02 2.047794014215469360e-01
5.054903030395507812e+01 5.361792602539062500e+02 2.016642838716506958e-01
5.127635955810546875e+01 5.341083984375000000e+02 2.064780145883560181e-01
5.221427154541015625e+01 5.349810180664062500e+02 2.041850239038467407e-01
5.234496307373046875e+01 5.348175659179687500e+02 2.529204189777374268e-01
5.287466049194335938e+01 5.335108032226562500e+02 2.263659834861755371e-01
5.350432586669921875e+01 5.326687011718750000e+02 2.106321901082992554e-01
5.360716629028320312e+01 5.345511474609375000e+02 2.319674789905548096e-01
5.524554824829101562e+01 5.300798339843750000e+02 2.330539375543594360e-01
5.485451126098632812e+01 5.311613769531250000e+02 2.509526014328002930e-01
5.565653991699218750e+01 5.316224365234375000e+02 2.383133023977279663e-01
5.720566177368164062e+01 5.298150024414062500e+02 2.580918371677398682e-01
5.645513534545898438e+01 5.287238769531250000e+02 2.661480605602264404e-01
5.634461212158203125e+01 5.292310791015625000e+02 2.883771359920501709e-01
5.747148513793945312e+01 5.282448730468750000e+02 2.821507453918457031e-01
5.836687088012695312e+01 5.270139160156250000e+02 2.566879093647003174e-01
5.843039321899414062e+01 5.277182006835937500e+02 2.669835686683654785e-01
5.864632034301757812e+01 5.240526733398437500e+02 2.888043820858001709e-01
5.926261901855468750e+01 5.251226806640625000e+02 2.700707316398620605e-01
6.067546463012695312e+01 5.240167846679687500e+02 3.024672865867614746e-01
6.031711196899414062e+01 5.243021240234375000e+02 2.835130691528320312e-01
6.237952041625976562e+01 5.222487182617187500e+02 3.149154186248779297e-01
6.141719436645507812e+01 5.226663208007812500e+02 3.084251880645751953e-01
6.252613449096679688e+01 5.227365112304687500e+02 2.997544407844543457e-01
6.194849014282226562e+01 5.200958862304687500e+02 3.099126815795898438e-01
6.367132949829101562e+01 5.177423095703125000e+02 3.486835956573486328e-01
6.345262145996093750e+01 5.216997680664062500e+02 3.206075131893157959e-01
6.428633117675781250e+01 5.179672241210937500e+02 3.738327622413635254e-01
6.488380432128906250e+01 5.167001953125000000e+02 3.656287193298339844e-01
6.549730682373046875e+01 5.186612548828125000e+02 3.602832555770874023e-01
6.634750366210937500e+01 5.196439208984375000e+02 3.365620970726013184e-01
6.740087127685546875e+01 5.180645141601562500e+02 3.642843067646026611e-01
6.803449249267578125e+01 5.137145996093750000e+02 3.385623097419738770e-01
6.743352508544921875e+01 5.142790527343750000e+02 3.682826459407806396e-01
6.837512969970703125e+01 5.145451660156250000e+02 3.709012866020202637e-01
6.932826232910156250e+01 5.151234130859375000e+02 3.772569000720977783e-01
6.951418304443359375e+01 5.136689453125000000e+02 3.879165947437286377e-01
6.939040374755859375e+01 5.123957519531250000e+02 3.873314857482910156e-01
7.060731506347656250e+01 5.135543212890625000e+02 4.110237061977386475e-01
6.983435821533203125e+01 5.117429809570312500e+02 3.696588575839996338e-01
6.994861602783203125e+01 5.119111022949218750e+02 4.256599545478820801e-01
7.140643310546875000e+01 5.085408935546875000e+02 4.320165812969207764e-01
7.183753204345703125e+01 5.093866882324218750e+02 4.884284734725952148e-01
7.297756958007812500e+01 5.095827941894531250e+02 4.422172307968139648e-01
7.234957122802734375e+01 5.088175659179687500e+02 4.419994652271270752e-01
7.565668487548828125e+01 5.066172790527343750e+02 4.360906183719635010e-01
7.439207458496093750e+01 5.051949157714843750e+02 4.502564668655395508e-01
7.494915771484375000e+01 5.060178527832031250e+02 4.965532720088958740e-01
7.503759765625000000e+01 5.064399719238281250e+02 4.268420040607452393e-01
7.560717010498046875e+01 5.047707214355468750e+02 4.985422194004058838e-01
7.762527465820312500e+01 5.041274719238281250e+02 4.884025454521179199e-01
7.861186981201171875e+01 5.022258911132812500e+02 4.968473613262176514e-01
7.664738464355468750e+01 5.029840087890625000e+02 4.810084700584411621e-01
7.825124359130859375e+01 4.997408752441406250e+02 5.374672412872314453e-01
7.866053009033203125e+01 5.026892395019531250e+02 5.330393314361572266e-01
8.044873046875000000e+01 4.999413757324218750e+02 4.940784275531768799e-01
8.151271820068359375e+01 5.002042541503906250e+02 5.176862478256225586e-01
8.060401153564453125e+01 4.993151550292968750e+02 5.402501225471496582e-01
8.182489013671875000e+01 4.987894592285156250e+02 5.405790805816650391e-01
8.226877593994140625e+01 4.971022033691406250e+02 5.688216090202331543e-01
8.349502563476562500e+01 4.969138488769531250e+02 5.673028230667114258e-01
8.277160644531250000e+01 4.947037048339843750e+02 6.378569602966308594e-01
8.587425231933593750e+01 4.958829650878906250e+02 5.834524631500244141e-01
8.378446960449218750e+01 4.955013732910156250e+02 6.160324811935424805e-01
8.545149993896484375e+01 4.937502746582031250e+02 5.685622692108154297e-01
8.744040679931640625e+01 4.929241333007812500e+02 6.064295768737792969e-01
8.726360321044921875e+01 4.926279602050781250e+02 6.525847315788269043e-01
8.739207458496093750e+01 4.911267395019531250e+02 6.278328895568847656e-01
8.723535156250000000e+01 4.907945861816406250e+02 6.377148032188415527e-01
8.907929992675781250e+01 4.888269348144531250e+02 6.311426758766174316e-01
8.937454223632812500e+01 4.874335632324218750e+02 6.797327995300292969e-01
9.004779052734375000e+01 4.880720214843750000e+02 6.703237295150756836e-01
9.131362152099609375e+01 4.879692077636718750e+02 7.139643430709838867e-01
9.164382934570312500e+01 4.889799499511718750e+02 7.009678483009338379e-01
9.086570739746093750e+01 4.866830444335937500e+02 7.286531925201416016e-01
9.251300048828125000e+01 4.863156738281250000e+02 7.049915790557861328e-01
9.312128448486328125e+01 4.827653503417968750e+02 7.287975549697875977e-01
9.124258422851562500e+01 4.835968627929687500e+02 7.138611674308776855e-01
9.489160919189453125e+01 4.832928771972656250e+02 7.632283568382263184e-01
9.628460693359375000e+01 4.817308959960937500e+02 7.823470830917358398e-01
9.523775482177734375e+01 4.827810363769531250e+02 7.550594210624694824e-01
9.571350097656250000e+01 4.804419250488281250e+02 8.411978483200073242e-01
9.608370208740234375e+01 4.815091552734375000e+02 7.657829523086547852e-01
9.816035461425781250e+01 4.810938110351562500e+02 7.521095275878906250e-01
9.692533111572265625e+01 4.805957641601562500e+02 8.490865230560302734e-01
9.883457183837890625e+01 4.791741943359375000e+02 8.581545948982238770e-01
1.009278335571289062e+02 4.751813659667968750e+02 7.747727036476135254e-01
1.008428421020507812e+02 4.731316528320312500e+02 8.185928463935852051e-01
1.011631546020507812e+02 4.741950988769531250e+02 8.091546297073364258e-01
1.019125747680664062e+02 4.740350036621093750e+02 8.614552617073059082e-01
1.027569046020507812e+02 4.742955932617187500e+02 9.218600392341613770e-01
1.038122024536132812e+02 4.713139343261718750e+02 9.182438254356384277e-01
1.051685562133789062e+02 4.709145812988281250e+02 9.713260531425476074e-01
1.066660995483398438e+02 4.712597656250000000e+02 9.652228355407714844e-01
1.041296386718750000e+02 4.726105957031250000e+02 9.008620977401733398e-01
1.044126052856445312e+02 4.686726074218750000e+02 8.502482771873474121e-01
1.051343154907226562e+02 4.711176147460937500e+02 9.624824523925781250e-01
1.071012344360351562e+02 4.678006286621093750e+02 8.895416855812072754e-01
1.065427169799804688e+02 4.696184387207031250e+02 1.002324104309082031e+00
1.071191558837890625e+02 4.639216003417968750e+02 9.381515979766845703e-01
1.095484542846679688e+02 4.662569885253906250e+02 1.026939034461975098e+00
1.097436752319335938e+02 4.643239746093750000e+02 9.413635730743408203e-01
1.110445556640625000e+02 4.630789489746093750e+02 1.072353363037109375e+00
1.113867568969726562e+02 4.624038696289062500e+02 1.027291655540466309e+00
1.117150344848632812e+02 4.639226684570312500e+02 1.018043637275695801e+00
1.130076446533203125e+02 4.601808166503906250e+02 1.010463118553161621e+00
1.132272872924804688e+02 4.616952209472656250e+02 1.065646409988403320e+00
1.150488357543945312e+02 4.652984619140625000e+02 1.199235916137695312e+00
1.143142471313476562e+02 4.588314208984375000e+02 1.014105916023254395e+00
1.148122406005859375e+02 4.573093261718750000e+02 1.182769894599914551e+00
1.151933517456054688e+02 4.583059997558593750e+02 1.181553721427917480e+00
1.155502700805664062e+02 4.513100585937500000e+02 1.077528119087219238e+00
1.192767868041992188e+02 4.567204284667968750e+02 1.162239313125610352e+00
1.196379394531250000e+02 4.522696533203125000e+02 1.178420305252075195e+00
1.182686233520507812e+02 4.533262329101562500e+02 1.254623532295227051e+00
1.186544342041015625e+02 4.522569274902343750e+02 1.320049762725830078e+00
1.206321792602539062e+02 4.523252868652343750e+02 1.172965884208679199e+00
1.215950546264648438e+02 4.487026977539062500e+02 1.196172714233398438e+00
1.197119064331054688e+02 4.513573303222656250e+02 1.304745674133300781e+00
1.235854415893554688e+02 4.514033203125000000e+02 1.346336722373962402e+00
1.217068710327148438e+02 4.461264038085937500e+02 1.264129996299743652e+00
1.248889236450195312e+02 4.461212768554687500e+02 1.250499248504638672e+00
1.260321502685546875e+02 4.475814208984375000e+02 1.197700738906860352e+00
1.221643676757812500e+02 4.494184265136718750e+02 1.299846529960632324e+00
1.264567413330078125e+02 4.451318969726562500e+02 1.286485075950622559e+00
1.280051879882812500e+02 4.460100097656250000e+02 1.359333395957946777e+00
1.296943817138671875e+02 4.450746154785156250e+02 1.490363717079162598e+00
1.277421798706054688e+02 4.425893859863281250e+02 1.324661850929260254e+00
1.298301544189453125e+02 4.428258666992187500e+02 1.422328829765319824e+00
1.274820785522460938e+02 4.418105468750000000e+02 1.418718695640563965e+00
1.305786285400390625e+02 4.405635375976562500e+02 1.510927200317382812e+00
1.290666046142578125e+02 4.388707885742187500e+02 1.395440697669982910e+00
1.306872558593750000e+02 4.428657836914062500e+02 1.475187659263610840e+00
1.318052978515625000e+02 4.358914489746093750e+02 1.479185223579406738e+00
1.371407012939453125e+02 4.306049804687500000e+02 1.521837472915649414e+00
1.319771881103515625e+02 4.367310180664062500e+02 1.637457132339477539e+00
1.350540618896484375e+02 4.335742797851562500e+02 1.562719941139221191e+00
1.350476379394531250e+02 4.322862243652343750e+02 1.563364624977111816e+00
1.360799102783203125e+02 4.344968261718750000e+02 1.632677078247070312e+00
1.358113861083984375e+02 4.360538940429687500e+02 1.641956210136413574e+00
1.371444854736328125e+02 4.312036437988281250e+02 1.625182032585144043e+00
1.386074981689453125e+02 4.351099853515625000e+02 1.684794783592224121e+00
1.392254486083984375e+02 4.249308471679687500e+02 1.754663228988647461e+00
1.402241668701171875e+02 4.236259460449218750e+02 1.675607323646545410e+00
1.393321228027343750e+02 4.299682006835937500e+02 1.750070929527282715e+00
1.413808288574218750e+02 4.253648681640625000e+02 1.706433653831481934e+00
1.440436401367187500e+02 4.263443908691406250e+02 1.701970338821411133e+00
1.422434997558593750e+02 4.228312377929687500e+02 1.785878896713256836e+00
1.424639739990234375e+02 4.211762695312500000e+02 1.573805332183837891e+00
1.431418914794921875e+02 4.243767395019531250e+02 1.609961628913879395e+00
1.428240509033203125e+02 4.254088134765625000e+02 1.862337350845336914e+00
1.445615844726562500e+02 4.225551452636718750e+02 1.869931817054748535e+00
1.451674652099609375e+02 4.201129760742187500e+02 1.781465530395507812e+00
1.466695404052734375e+02 4.223309631347656250e+02 1.880192160606384277e+00
1.482625274658203125e+02 4.241741943359375000e+02 1.776225924491882324e+00
1.487956695556640625e+02 4.208147888183593750e+02 1.804064512252807617e+00
1.495375061035156250e+02 4.225783081054687500e+02 1.872674822807312012e+00
1.517871398925781250e+02 4.196155090332031250e+02 2.012553215026855469e+00
1.514520874023437500e+02 4.152554626464843750e+02 1.834543228149414062e+00
1.491313781738281250e+02 4.139706726074218750e+02 1.869236946105957031e+00
1.521742401123046875e+02 4.127879028320312500e+02 2.083732128143310547e+00
1.520494995117187500e+02 4.181009521484375000e+02 2.014037847518920898e+00
1.531415405273437500e+02 4.142799072265625000e+02 1.989005327224731445e+00
1.542265625000000000e+02 4.131970214843750000e+02 1.896003365516662598e+00
1.527081298828125000e+02 4.103510742187500000e+02 2.104224681854248047e+00
1.552164459228515625e+02 4.101547546386718750e+02 2.124725341796875000e+00
1.568254089355468750e+02 4.175473022460937500e+02 2.091564893722534180e+00
1.547862701416015625e+02 4.098856811523437500e+02 2.183211565017700195e+00
1.555168151855468750e+02 4.103924255371093750e+02 1.960348844528198242e+00
1.565310821533203125e+02 4.081458129882812500e+02 2.041091203689575195e+00
1.580012207031250000e+02 4.118250122070312500e+02 2.263288497924804688e+00
1.604574127197265625e+02 4.116972351074218750e+02 2.147063970565795898e+00
1.586018218994140625e+02 4.035237426757812500e+02 2.133501529693603516e+00
1.594423370361328125e+02 4.047273864746093750e+02 2.329032659530639648e+00
1.621518402099609375e+02 4.074613037109375000e+02 2.149567127227783203e+00
1.598724670410156250e+02 4.050039062500000000e+02 2.312215805053710938e+00
1.644991149902343750e+02 4.040665893554687500e+02 2.393017530441284180e+00
1.623861389160156250e+02 4.106578369140625000e+02 2.374286413192749023e+00
1.613242492675781250e+02 3.976256713867187500e+02 2.263999223709106445e+00
1.648541412353515625e+02 4.036884765625000000e+02 2.284811735153198242e+00
1.651582794189453125e+02 4.037794189453125000e+02 2.482502460479736328e+00
1.638546600341796875e+02 3.961926269531250000e+02 2.453543901443481445e+00
1.652714996337890625e+02 4.046356201171875000e+02 2.460953712463378906e+00
1.641704101562500000e+02 3.942653808593750000e+02 2.513936281204223633e+00
1.669332122802734375e+02 4.034155273437500000e+02 2.367127418518066406e+00
1.680113220214843750e+02 3.980494384765625000e+02 2.433185100555419922e+00
1.677472229003906250e+02 3.991971130371093750e+02 2.392473220825195312e+00
1.683770141601562500e+02 4.003651733398437500e+02 2.267003297805786133e+00
1.729730834960937500e+02 3.867298278808593750e+02 2.597158670425415039e+00
1.682213745117187500e+02 4.004300537109375000e+02 2.561115980148315430e+00
1.669318084716796875e+02 3.912913513183593750e+02 2.505930662155151367e+00
1.691282348632812500e+02 3.955364379882812500e+02 2.316489696502685547e+00
1.701792602539062500e+02 3.897472839355468750e+02 2.636978149414062500e+00
1.718358764648437500e+02 3.935716857910156250e+02 2.431035757064819336e+00
1.707259368896484375e+02 3.909829406738281250e+02 2.406963586807250977e+00
1.727730865478515625e+02 3.871142883300781250e+02 2.570908308029174805e+00
1.721075897216796875e+02 3.904489440917968750e+02 2.550325155258178711e+00
1.716230468750000000e+02 3.953366394042968750e+02 2.508188486099243164e+00
1.743558654785156250e+02 3.889184875488281250e+02 2.620982408523559570e+00
1.715665893554687500e+02 3.834638366699218750e+02 2.747573852539062500e+00
1.747314453125000000e+02 3.821679382324218750e+02 2.738026857376098633e+00
1.762618713378906250e+02 3.883059082031250000e+02 2.524857282638549805e+00
1.745756225585937500e+02 3.899143676757812500e+02 2.680422306060791016e+00
1.752624511718750000e+02 3.856359863281250000e+02 2.739693641662597656e+00
1.739121704101562500e+02 3.836812133789062500e+02 2.847654104232788086e+00
1.746947021484375000e+02 3.857914428710937500e+02 2.654834508895874023e+00
1.749744262695312500e+02 3.825926513671875000e+02 2.553814649581909180e+00
1.779272918701171875e+02 3.786436462402343750e+02 2.406858682632446289e+00
1.783785400390625000e+02 3.853931579589843750e+02 2.758084058761596680e+00
1.770980377197265625e+02 3.814169311523437500e+02 2.909606695175170898e+00
1.784108276367187500e+02 3.800060119628906250e+02 2.558760643005371094e+00
1.826048583984375000e+02 3.847079162597656250e+02 2.910087585449218750e+00
1.832017822265625000e+02 3.796201171875000000e+02 2.903293132781982422e+00
1.800547180175781250e+02 3.752594299316406250e+02 2.805613517761230469e+00
1.836961059570312500e+02 3.786099548339843750e+02 2.843065023422241211e+00
1.811333618164062500e+02 3.797398681640625000e+02 2.991048336029052734e+00
1.821602478027343750e+02 3.764169616699218750e+02 2.917507886886596680e+00
1.825062561035156250e+02 3.736212768554687500e+02 2.877159595489501953e+00
1.831136016845703125e+02 3.761421813964843750e+02 2.971476793289184570e+00
1.801376800537109375e+02 3.698751220703125000e+02 3.071039199829101562e+00
1.829624633789062500e+02 3.699269714355468750e+02 2.785171747207641602e+00
1.841256713867187500e+02 3.761519775390625000e+02 2.892330646514892578e+00
1.885433349609375000e+02 3.766364440917968750e+02 3.124523639678955078e+00
1.854526977539062500e+02 3.775249938964843750e+02 3.208130359649658203e+00
1.860901336669921875e+02 3.734358825683593750e+02 3.047063827514648438e+00
1.882909851074218750e+02 3.712994689941406250e+02 3.173448324203491211e+00
1.853861694335937500e+02 3.708865661621093750e+02 2.987576961517333984e+00
1.888043365478515625e+02 3.678653869628906250e+02 3.107303619384765625e+00
1.877222595214843750e+02 3.787317810058593750e+02 3.002202510833740234e+00
1.873474731445312500e+02 3.717552490234375000e+02 3.049727678298950195e+00
1.885119781494140625e+02 3.689880676269531250e+02 3.033990383148193359e+00
1.877522583007812500e+02 3.720369873046875000e+02 3.067585229873657227e+00
1.919482269287109375e+02 3.720442810058593750e+02 3.138950347900390625e+00
1.884263305664062500e+02 3.736343383789062500e+02 3.031502246856689453e+00
1.901573791503906250e+02 3.685282897949218750e+02 2.980546951293945312e+00
1.882364044189453125e+02 3.646292114257812500e+02 3.286184787750244141e+00
1.873606567382812500e+02 3.686572570800781250e+02 3.159167051315307617e+00
1.882793731689453125e+02 3.737236022949218750e+02 3.057635307312011719e+00
1.938866729736328125e+02 3.640900573730468750e+02 2.905739068984985352e+00
1.930487213134765625e+02 3.660292358398437500e+02 3.322408437728881836e+00
1.898121185302734375e+02 3.692921752929687500e+02 3.330366849899291992e+00
1.961835327148437500e+02 3.654993286132812500e+02 3.274699449539184570e+00
1.918320922851562500e+02 3.704002990722656250e+02 3.239610433578491211e+00
1.931539764404296875e+02 3.648626708984375000e+02 3.496351003646850586e+00
1.922159576416015625e+02 3.697873229980468750e+02 3.265144824981689453e+00
1.914972229003906250e+02 3.611315612792968750e+02 3.345646619796752930e+00
1.930207824707031250e+02 3.657202148437500000e+02 3.147712945938110352e+00
1.925662994384765625e+02 3.637351379394531250e+02 2.880787611007690430e+00
