1.734223030507564545e-02 1.199977661132812500e+03 3.117518687645315367e-08
2.669097110629081726e-02 1.199965576171875000e+03 7.901566334567178274e-08
3.656454011797904968e-02 1.199949218750000000e+03 1.585330124953543418e-07
4.907422885298728943e-02 1.199931762695312500e+03 3.016380674125684891e-07
6.292807310819625854e-02 1.199913208007812500e+03 5.144505053067405242e-07
7.976637035608291626e-02 1.199889404296875000e+03 8.085614808805985376e-07
9.624972194433212280e-02 1.199864379882812500e+03 1.237287392541475128e-06
1.174705699086189270e-01 1.199834228515625000e+03 1.919238229675102048e-06
1.395613253116607666e-01 1.199800903320312500e+03 2.670604999366332777e-06
1.641702800989151001e-01 1.199770385742187500e+03 3.795503289438784122e-06
1.913465410470962524e-01 1.199729003906250000e+03 5.186031103221466765e-06
2.172309160232543945e-01 1.199692138671875000e+03 6.737450803484534845e-06
2.456664144992828369e-01 1.199650146484375000e+03 9.048914762388449162e-06
2.782710790634155273e-01 1.199600830078125000e+03 1.151651667896658182e-05
3.107128143310546875e-01 1.199545898437500000e+03 1.485539905843324959e-05
3.479763567447662354e-01 1.199493774414062500e+03 1.853372486948501319e-05
3.848489522933959961e-01 1.199431884765625000e+03 2.263026726723182946e-05
4.274818301200866699e-01 1.199371948242187500e+03 2.823303839250002056e-05
4.708868861198425293e-01 1.199301513671875000e+03 3.337454108987003565e-05
5.141205787658691406e-01 1.199223632812500000e+03 4.087158595211803913e-05
5.593742728233337402e-01 1.199169921875000000e+03 4.998500662622973323e-05
6.110482215881347656e-01 1.199087280273437500e+03 5.779453931609168649e-05
6.592406630516052246e-01 1.199021240234375000e+03 7.027753599686548114e-05
7.149905562400817871e-01 1.198934936523437500e+03 8.045645517995581031e-05
7.701801061630249023e-01 1.198850463867187500e+03 9.781757398741319776e-05
8.304569125175476074e-01 1.198747314453125000e+03 1.082310627680271864e-04
8.878370523452758789e-01 1.198665527343750000e+03 1.263140438823029399e-04
9.601085782051086426e-01 1.198569458007812500e+03 1.449495175620540977e-04
1.017607569694519043e+00 1.198472167968750000e+03 1.691654470050707459e-04
1.098720788955688477e+00 1.198362304687500000e+03 1.946955017047002912e-04
1.148076057434082031e+00 1.198240844726562500e+03 2.255178405903279781e-04
1.247151732444763184e+00 1.198139160156250000e+03 2.546145406085997820e-04
1.317861318588256836e+00 1.197998413085937500e+03 2.871130709536373615e-04
1.381394386291503906e+00 1.197915283203125000e+03 3.210540453437715769e-04
1.450779676437377930e+00 1.197753173828125000e+03 3.712309990078210831e-04
1.548553943634033203e+00 1.197651245117187500e+03 4.031562129966914654e-04
1.657912850379943848e+00 1.197498291015625000e+03 4.606526053976267576e-04
1.741183042526245117e+00 1.197360717773437500e+03 5.137526313774287701e-04
1.828833580017089844e+00 1.197101562500000000e+03 5.665835924446582794e-04
1.974397182464599609e+00 1.197060546875000000e+03 6.275546038523316383e-04
2.041345596313476562e+00 1.196887451171875000e+03 6.981685874052345753e-04
2.140471458435058594e+00 1.196828491210937500e+03 7.580907549709081650e-04
2.289117336273193359e+00 1.196585449218750000e+03 8.673396660014986992e-04
2.340777158737182617e+00 1.196443847656250000e+03 9.289433946833014488e-04
2.471080541610717773e+00 1.196261474609375000e+03 1.030963147059082985e-03
2.554534435272216797e+00 1.196016845703125000e+03 1.131376018747687340e-03
2.725472927093505859e+00 1.195879150390625000e+03 1.186105189844965935e-03
2.791042804718017578e+00 1.195679443359375000e+03 1.314347959123551846e-03
2.925634145736694336e+00 1.195517822265625000e+03 1.495977863669395447e-03
3.059261322021484375e+00 1.195415771484375000e+03 1.563032856211066246e-03
3.248983621597290039e+00 1.195149902343750000e+03 1.754093216732144356e-03
3.357887506484985352e+00 1.194842163085937500e+03 1.826344057917594910e-03
3.468667984008789062e+00 1.194805541992187500e+03 2.007179893553256989e-03
3.582835912704467773e+00 1.194543579101562500e+03 2.219605492427945137e-03
3.685660123825073242e+00 1.194299560546875000e+03 2.320565748959779739e-03
3.846689462661743164e+00 1.193981079101562500e+03 2.516321837902069092e-03
4.003775119781494141e+00 1.193789062500000000e+03 2.664709929376840591e-03
4.228192329406738281e+00 1.193697753906250000e+03 2.772872336208820343e-03
4.288232326507568359e+00 1.193383544921875000e+03 3.035272238776087761e-03
4.466171264648437500e+00 1.193175903320312500e+03 3.337088972330093384e-03
4.600244522094726562e+00 1.193042968750000000e+03 3.732810029760003090e-03
4.704129695892333984e+00 1.192515502929687500e+03 3.852419089525938034e-03
5.014391899108886719e+00 1.192602416992187500e+03 4.139938857406377792e-03
5.025204658508300781e+00 1.192158935546875000e+03 4.475029185414314270e-03
5.218614578247070312e+00 1.192079956054687500e+03 4.754292313009500504e-03
5.338356971740722656e+00 1.191623168945312500e+03 4.841311834752559662e-03
5.516091823577880859e+00 1.191338134765625000e+03 5.308669060468673706e-03
5.692923545837402344e+00 1.191440063476562500e+03 5.521273706108331680e-03
5.907441139221191406e+00 1.191028320312500000e+03 5.942656192928552628e-03
6.099919319152832031e+00 1.190916137695312500e+03 6.460838951170444489e-03
6.289752483367919922e+00 1.190493041992187500e+03 6.504783872514963150e-03
6.442679405212402344e+00 1.190323120117187500e+03 6.895376369357109070e-03
6.663324832916259766e+00 1.189842041015625000e+03 7.413159124553203583e-03
6.877205371856689453e+00 1.189543090820312500e+03 7.640529423952102661e-03
7.058503150939941406e+00 1.189244384765625000e+03 8.081472478806972504e-03
7.226141929626464844e+00 1.189151000976562500e+03 8.989155292510986328e-03
7.327481269836425781e+00 1.188617675781250000e+03 9.360458701848983765e-03
7.691446304321289062e+00 1.188413696289062500e+03 9.951448999345302582e-03
7.778722286224365234e+00 1.188312500000000000e+03 1.048691477626562119e-02
7.956781864166259766e+00 1.187875854492187500e+03 1.068227458745241165e-02
8.096252441406250000e+00 1.187595581054687500e+03 1.197282224893569946e-02
8.432900428771972656e+00 1.187161499023437500e+03 1.241373457014560699e-02
8.529010772705078125e+00 1.186593627929687500e+03 1.238262373954057693e-02
8.684501647949218750e+00 1.186561279296875000e+03 1.328164339065551758e-02
9.247552871704101562e+00 1.186430786132812500e+03 1.399342808872461319e-02
9.232857704162597656e+00 1.186099975585937500e+03 1.484340894967317581e-02
9.527861595153808594e+00 1.185521850585937500e+03 1.537378970533609390e-02
9.977056503295898438e+00 1.185129516601562500e+03 1.582892239093780518e-02
1.009547805786132812e+01 1.184801269531250000e+03 1.691219583153724670e-02
1.039371299743652344e+01 1.184338378906250000e+03 1.735358871519565582e-02
1.044719982147216797e+01 1.184012084960937500e+03 1.866160333156585693e-02
1.064850330352783203e+01 1.183867309570312500e+03 1.895404979586601257e-02
1.085361003875732422e+01 1.183305786132812500e+03 2.078991569578647614e-02
1.127392768859863281e+01 1.183036254882812500e+03 2.111832052469253540e-02
1.146554660797119141e+01 1.182994140625000000e+03 2.166162058711051941e-02
1.180126571655273438e+01 1.182250488281250000e+03 2.350112237036228180e-02
1.204795265197753906e+01 1.181759033203125000e+03 2.410946041345596313e-02
1.226113605499267578e+01 1.181324707031250000e+03 2.428416348993778229e-02
1.246951389312744141e+01 1.181139526367187500e+03 2.642560191452503204e-02
1.294081020355224609e+01 1.180694091796875000e+03 2.732890285551548004e-02
1.294791030883789062e+01 1.180099121093750000e+03 2.840587869286537170e-02
1.345790004730224609e+01 1.179878906250000000e+03 3.095076605677604675e-02
1.354618358612060547e+01 1.179378295898437500e+03 3.245470672845840454e-02
1.388595008850097656e+01 1.178588500976562500e+03 3.193700686097145081e-02
1.427729225158691406e+01 1.178576049804687500e+03 3.297479823231697083e-02
1.447264957427978516e+01 1.178405395507812500e+03 3.520672768354415894e-02
1.454510498046875000e+01 1.176999511718750000e+03 3.723104298114776611e-02
1.495361518859863281e+01 1.177388671875000000e+03 3.816655650734901428e-02
1.530230808258056641e+01 1.176767456054687500e+03 3.957227244973182678e-02
1.561243915557861328e+01 1.176212280273437500e+03 3.984731063246726990e-02
1.652547454833984375e+01 1.175759643554687500e+03 4.404068738222122192e-02
1.648495864868164062e+01 1.175275268554687500e+03 4.595475643873214722e-02
1.674763488769531250e+01 1.174727905273437500e+03 4.831165447831153870e-02
1.698176002502441406e+01 1.174275268554687500e+03 4.816983267664909363e-02
1.727568626403808594e+01 1.173927612304687500e+03 4.978816583752632141e-02
1.748782157897949219e+01 1.173853759765625000e+03 5.233793705701828003e-02
1.821431159973144531e+01 1.173625122070312500e+03 5.506082624197006226e-02
1.837388801574707031e+01 1.172415161132812500e+03 5.694922059774398804e-02
1.877416038513183594e+01 1.171804321289062500e+03 5.877948924899101257e-02
1.895098495483398438e+01 1.171456787109375000e+03 5.970978736877441406e-02
1.954093933105468750e+01 1.170578735351562500e+03 6.292755156755447388e-02
1.953148651123046875e+01 1.170310546875000000e+03 6.599211692810058594e-02
2.039128875732421875e+01 1.169888183593750000e+03 6.797098368406295776e-02
2.058812332153320312e+01 1.169284301757812500e+03 7.209335267543792725e-02
2.052944755554199219e+01 1.168859619140625000e+03 7.214909791946411133e-02
2.142203521728515625e+01 1.168160522460937500e+03 7.469597458839416504e-02
2.163662719726562500e+01 1.167381469726562500e+03 7.611957937479019165e-02
2.196189498901367188e+01 1.166594238281250000e+03 8.164142817258834839e-02
2.206196212768554688e+01 1.167185913085937500e+03 8.244895190000534058e-02
2.264138793945312500e+01 1.165750122070312500e+03 8.711571991443634033e-02
2.336884498596191406e+01 1.164928588867187500e+03 9.032662957906723022e-02
2.382485198974609375e+01 1.165509765625000000e+03 9.398715943098068237e-02
2.421886062622070312e+01 1.163903076171875000e+03 9.499822556972503662e-02
2.441768264770507812e+01 1.163111450195312500e+03 9.992527216672897339e-02
2.499996376037597656e+01 1.162623413085937500e+03 1.060972139239311218e-01
2.537569999694824219e+01 1.162993652343750000e+03 1.094340384006500244e-01
2.564064025878906250e+01 1.161269165039062500e+03 1.097221001982688904e-01
2.620694351196289062e+01 1.160734985351562500e+03 1.112300381064414978e-01
2.654596138000488281e+01 1.160797119140625000e+03 1.176451295614242554e-01
2.701905822753906250e+01 1.159929687500000000e+03 1.227742880582809448e-01
2.777789497375488281e+01 1.158076171875000000e+03 1.239694356918334961e-01
2.760893821716308594e+01 1.158033691406250000e+03 1.305776834487915039e-01
2.844919776916503906e+01 1.157062744140625000e+03 1.340543478727340698e-01
2.878721809387207031e+01 1.156833007812500000e+03 1.396068036556243896e-01
2.934454154968261719e+01 1.155880981445312500e+03 1.414698660373687744e-01
2.927538108825683594e+01 1.155217529296875000e+03 1.483767777681350708e-01
2.995915985107421875e+01 1.154812622070312500e+03 1.501290202140808105e-01
3.109733772277832031e+01 1.153429077148437500e+03 1.623798608779907227e-01
3.131931495666503906e+01 1.153662231445312500e+03 1.646245121955871582e-01
3.163478088378906250e+01 1.152738525390625000e+03 1.672130078077316284e-01
3.182128334045410156e+01 1.151784301757812500e+03 1.733580827713012695e-01
3.248397445678710938e+01 1.151976074218750000e+03 1.777210086584091187e-01
3.284075927734375000e+01 1.150592041015625000e+03 1.817861795425415039e-01
3.360177230834960938e+01 1.150000122070312500e+03 1.871794462203979492e-01
3.379569625854492188e+01 1.148626953125000000e+03 1.949186474084854126e-01
3.426565933227539062e+01 1.148394287109375000e+03 2.094214856624603271e-01
3.469599914550781250e+01 1.147865966796875000e+03 2.052177190780639648e-01
3.601569747924804688e+01 1.147432006835937500e+03 2.126283049583435059e-01
3.577797317504882812e+01 1.146917846679687500e+03 2.135573476552963257e-01
3.572001266479492188e+01 1.144317749023437500e+03 2.232819199562072754e-01
3.699013137817382812e+01 1.144421386718750000e+03 2.303057014942169189e-01
3.762442779541015625e+01 1.144392578125000000e+03 2.430163323879241943e-01
3.811499404907226562e+01 1.142119384765625000e+03 2.448739856481552124e-01
3.844787979125976562e+01 1.142518798828125000e+03 2.598811388015747070e-01
4.007996368408203125e+01 1.141771606445312500e+03 2.634543776512145996e-01
3.946819305419921875e+01 1.141560791015625000e+03 2.684334516525268555e-01
4.044838714599609375e+01 1.139273315429687500e+03 2.723903656005859375e-01
4.076345062255859375e+01 1.138701782226562500e+03 2.822560966014862061e-01
4.165119171142578125e+01 1.138768066406250000e+03 2.874265909194946289e-01
4.212657165527343750e+01 1.137019409179687500e+03 2.998980581760406494e-01
4.251454925537109375e+01 1.136787963867187500e+03 3.083146810531616211e-01
4.366042327880859375e+01 1.135166015625000000e+03 3.064102232456207275e-01
4.299908447265625000e+01 1.134623657226562500e+03 3.223769962787628174e-01
4.499965667724609375e+01 1.132786254882812500e+03 3.304857015609741211e-01
4.507252502441406250e+01 1.133395019531250000e+03 3.455267250537872314e-01
4.575946807861328125e+01 1.132737792968750000e+03 3.394516408443450928e-01
4.629242706298828125e+01 1.131595947265625000e+03 3.532844781875610352e-01
4.624275588989257812e+01 1.130366455078125000e+03 3.660889267921447754e-01
4.727862167358398438e+01 1.129581909179687500e+03 3.789198696613311768e-01
4.770042419433593750e+01 1.127651733398437500e+03 3.819669783115386963e-01
4.799705505371093750e+01 1.127541259765625000e+03 3.949920833110809326e-01
4.914465332031250000e+01 1.127048950195312500e+03 4.057668447494506836e-01
5.038823699951171875e+01 1.124056762695312500e+03 4.161278307437896729e-01
5.037321472167968750e+01 1.125178344726562500e+03 4.230973124504089355e-01
5.001735687255859375e+01 1.123603393554687500e+03 4.316711425781250000e-01
5.179946899414062500e+01 1.122677246093750000e+03 4.441165328025817871e-01
5.249469375610351562e+01 1.121711914062500000e+03 4.681560397148132324e-01
5.316048812866210938e+01 1.121905395507812500e+03 4.773272275924682617e-01
5.454994201660156250e+01 1.119432006835937500e+03 4.928994476795196533e-01
5.379756164550781250e+01 1.117665649414062500e+03 5.048583149909973145e-01
5.449799728393554688e+01 1.116952636718750000e+03 5.214681625366210938e-01
5.581264114379882812e+01 1.116762573242187500e+03 5.246073603630065918e-01
5.632136917114257812e+01 1.115104370117187500e+03 5.306180119514465332e-01
5.708316040039062500e+01 1.112668823242187500e+03 5.318293571472167969e-01
5.689541244506835938e+01 1.113524169921875000e+03 5.534561872482299805e-01
5.840252304077148438e+01 1.113714233398437500e+03 5.652399063110351562e-01
5.866842651367187500e+01 1.112580444335937500e+03 5.691530108451843262e-01
6.046530151367187500e+01 1.111362060546875000e+03 5.959668755531311035e-01
6.037658691406250000e+01 1.109774169921875000e+03 6.324326395988464355e-01
6.032497024536132812e+01 1.107984497070312500e+03 6.423389315605163574e-01
6.167781448364257812e+01 1.108054687500000000e+03 6.523265242576599121e-01
6.224649429321289062e+01 1.107369506835937500e+03 6.471353173255920410e-01
6.306787490844726562e+01 1.105917968750000000e+03 6.904801726341247559e-01
6.324541854858398438e+01 1.103752685546875000e+03 6.964215040206909180e-01
6.506405639648437500e+01 1.104538452148437500e+03 6.944946646690368652e-01
6.536996459960937500e+01 1.101409057617187500e+03 7.125104665756225586e-01
6.596026611328125000e+01 1.100526489257812500e+03 7.400233149528503418e-01
6.657787322998046875e+01 1.098274414062500000e+03 7.577111721038818359e-01
6.727796936035156250e+01 1.097625244140625000e+03 7.918131947517395020e-01
6.827981567382812500e+01 1.099286743164062500e+03 7.774502038955688477e-01
6.934255981445312500e+01 1.098303710937500000e+03 8.296933174133300781e-01
6.973474121093750000e+01 1.095239990234375000e+03 8.166288137435913086e-01
6.997148895263671875e+01 1.094687133789062500e+03 8.314148187637329102e-01
7.091680908203125000e+01 1.092397460937500000e+03 8.596262335777282715e-01
7.219107818603515625e+01 1.090594360351562500e+03 8.918837308883666992e-01
7.400508880615234375e+01 1.092484252929687500e+03 9.159782528877258301e-01
7.330329895019531250e+01 1.091293334960937500e+03 9.112003445625305176e-01
7.575919342041015625e+01 1.088927124023437500e+03 9.367291331291198730e-01
7.579862976074218750e+01 1.088910888671875000e+03 9.644321203231811523e-01
7.475501251220703125e+01 1.086309082031250000e+03 9.579519033432006836e-01
7.615315246582031250e+01 1.084636230468750000e+03 9.882655739784240723e-01
7.659780120849609375e+01 1.084251220703125000e+03 1.013057231903076172e+00
7.763927459716796875e+01 1.086018920898437500e+03 1.082323551177978516e+00
7.930705261230468750e+01 1.081948608398437500e+03 1.065810084342956543e+00
8.071643829345703125e+01 1.081812377929687500e+03 1.072520613670349121e+00
8.135803222656250000e+01 1.079513549804687500e+03 1.114619731903076172e+00
8.202404022216796875e+01 1.080444946289062500e+03 1.130130290985107422e+00
8.210510253906250000e+01 1.075627807617187500e+03 1.154854774475097656e+00
8.263615417480468750e+01 1.077334472656250000e+03 1.171399474143981934e+00
8.355276489257812500e+01 1.076300170898437500e+03 1.205189824104309082e+00
8.412751770019531250e+01 1.072448120117187500e+03 1.190811038017272949e+00
8.505083465576171875e+01 1.071569213867187500e+03 1.235396504402160645e+00
8.598673248291015625e+01 1.074893310546875000e+03 1.258974194526672363e+00
8.765699768066406250e+01 1.072298583984375000e+03 1.307183265686035156e+00
8.832484436035156250e+01 1.067417968750000000e+03 1.301047563552856445e+00
8.982080078125000000e+01 1.069998413085937500e+03 1.339839577674865723e+00
9.090623474121093750e+01 1.065716064453125000e+03 1.412103652954101562e+00
8.954007720947265625e+01 1.063928710937500000e+03 1.392237067222595215e+00
9.018349456787109375e+01 1.062700683593750000e+03 1.407047629356384277e+00
9.153826904296875000e+01 1.062818481445312500e+03 1.432582974433898926e+00
9.269488525390625000e+01 1.061433959960937500e+03 1.477351665496826172e+00
9.339968872070312500e+01 1.060089965820312500e+03 1.515014290809631348e+00
9.500102233886718750e+01 1.058213500976562500e+03 1.497636079788208008e+00
9.598580169677734375e+01 1.057093872070312500e+03 1.578902006149291992e+00
9.738700866699218750e+01 1.056172851562500000e+03 1.591349244117736816e+00
9.690483093261718750e+01 1.057539916992187500e+03 1.607955574989318848e+00
9.690624237060546875e+01 1.054515502929687500e+03 1.565190672874450684e+00
9.897772216796875000e+01 1.053197265625000000e+03 1.706446170806884766e+00
9.845420074462890625e+01 1.049990112304687500e+03 1.744664669036865234e+00
1.009356155395507812e+02 1.052415649414062500e+03 1.761368155479431152e+00
1.023260574340820312e+02 1.049742065429687500e+03 1.780146360397338867e+00
1.010946960449218750e+02 1.048632202148437500e+03 1.764151453971862793e+00
1.045058364868164062e+02 1.049775512695312500e+03 1.763971686363220215e+00
1.041814956665039062e+02 1.048953613281250000e+03 1.895808696746826172e+00
1.047256469726562500e+02 1.043863525390625000e+03 1.862465143203735352e+00
1.047816085815429688e+02 1.043739501953125000e+03 1.911575794219970703e+00
1.062802963256835938e+02 1.040836914062500000e+03 1.898921608924865723e+00
1.074578628540039062e+02 1.039829589843750000e+03 2.082017421722412109e+00
1.092198104858398438e+02 1.039818481445312500e+03 2.024933099746704102e+00
1.094508590698242188e+02 1.036689819335937500e+03 2.060057163238525391e+00
1.093534088134765625e+02 1.031588745117187500e+03 2.041939020156860352e+00
1.093246841430664062e+02 1.035301269531250000e+03 2.133258342742919922e+00
1.122716445922851562e+02 1.036268432617187500e+03 2.120561838150024414e+00
1.143687515258789062e+02 1.029675170898437500e+03 2.153089284896850586e+00
1.134355545043945312e+02 1.030967163085937500e+03 2.316891670227050781e+00
1.154697570800781250e+02 1.031235229492187500e+03 2.252139806747436523e+00
1.168396835327148438e+02 1.026900146484375000e+03 2.421108722686767578e+00
1.162085342407226562e+02 1.025604370117187500e+03 2.383052110671997070e+00
1.177736053466796875e+02 1.026128417968750000e+03 2.411812782287597656e+00
1.177164230346679688e+02 1.022989501953125000e+03 2.452870130538940430e+00
1.202511062622070312e+02 1.020921325683593750e+03 2.440807104110717773e+00
1.211139373779296875e+02 1.021545410156250000e+03 2.545088529586791992e+00
1.205920944213867188e+02 1.017979858398437500e+03 2.581298828125000000e+00
1.225494766235351562e+02 1.018868225097656250e+03 2.590633869171142578e+00
1.235215148925781250e+02 1.017573608398437500e+03 2.656249523162841797e+00
1.232889251708984375e+02 1.012665649414062500e+03 2.790590286254882812e+00
1.238249511718750000e+02 1.014843872070312500e+03 2.794188499450683594e+00
1.254329452514648438e+02 1.013843383789062500e+03 2.808567285537719727e+00
1.273047409057617188e+02 1.011406921386718750e+03 2.861853837966918945e+00
1.280236511230468750e+02 1.004980163574218750e+03 2.747342586517333984e+00
1.279161148071289062e+02 1.010204772949218750e+03 2.979026317596435547e+00
1.297515106201171875e+02 1.004768798828125000e+03 2.973335742950439453e+00
1.298053741455078125e+02 1.004480407714843750e+03 3.037554025650024414e+00
1.300200347900390625e+02 1.004117675781250000e+03 3.106132030487060547e+00
1.319347839355468750e+02 1.001586059570312500e+03 3.135913133621215820e+00
1.349134674072265625e+02 1.004139892578125000e+03 3.226375102996826172e+00
1.338711853027343750e+02 9.999754638671875000e+02 3.141533374786376953e+00
1.342067260742187500e+02 9.980588378906250000e+02 3.251650333404541016e+00
1.385123138427734375e+02 9.980243530273437500e+02 3.371676206588745117e+00
1.351132049560546875e+02 9.939506835937500000e+02 3.316767215728759766e+00
1.375093078613281250e+02 9.918593750000000000e+02 3.506920576095581055e+00
1.403294219970703125e+02 9.943035888671875000e+02 3.385141849517822266e+00
1.417795562744140625e+02 9.908618164062500000e+02 3.654012918472290039e+00
1.432479248046875000e+02 9.870758666992187500e+02 3.487142324447631836e+00
1.421231079101562500e+02 9.892712402343750000e+02 3.509256124496459961e+00
1.451624908447265625e+02 9.874940185546875000e+02 3.551087379455566406e+00
1.438188018798828125e+02 9.804672851562500000e+02 3.656158924102783203e+00
1.455744018554687500e+02 9.841343383789062500e+02 3.812244892120361328e+00
1.463190917968750000e+02 9.794832153320312500e+02 3.771054267883300781e+00
1.483332214355468750e+02 9.790935668945312500e+02 4.075133800506591797e+00
1.489571533203125000e+02 9.753952636718750000e+02 3.996750116348266602e+00
1.505621185302734375e+02 9.784318847656250000e+02 4.038116455078125000e+00
1.520308990478515625e+02 9.806857299804687500e+02 4.036460876464843750e+00
1.521528625488281250e+02 9.709911499023437500e+02 4.212640285491943359e+00
1.537512359619140625e+02 9.749106445312500000e+02 4.153406620025634766e+00
1.529251403808593750e+02 9.727988891601562500e+02 4.191093921661376953e+00
1.552251434326171875e+02 9.662913208007812500e+02 4.167155742645263672e+00
1.575078277587890625e+02 9.712263183593750000e+02 4.300850868225097656e+00
1.562447204589843750e+02 9.660208129882812500e+02 4.449910640716552734e+00
1.581486053466796875e+02 9.629441528320312500e+02 4.561960220336914062e+00
1.625128479003906250e+02 9.652483520507812500e+02 4.578346252441406250e+00
1.586585998535156250e+02 9.621748046875000000e+02 4.723752975463867188e+00
1.619007873535156250e+02 9.584848022460937500e+02 4.827941417694091797e+00
1.628437500000000000e+02 9.559523315429687500e+02 4.658155441284179688e+00
1.639204711914062500e+02 9.519493408203125000e+02 4.848974704742431641e+00
1.646528015136718750e+02 9.523613281250000000e+02 4.858763694763183594e+00
1.675469818115234375e+02 9.545233764648437500e+02 5.070467472076416016e+00
1.685713653564453125e+02 9.469506835937500000e+02 5.153769493103027344e+00
1.682227478027343750e+02 9.513442993164062500e+02 5.058425903320312500e+00
1.672389831542968750e+02 9.514642944335937500e+02 5.211782455444335938e+00
1.669008636474609375e+02 9.477609252929687500e+02 5.123806953430175781e+00
1.727043151855468750e+02 9.423822631835937500e+02 5.257915496826171875e+00
1.728187255859375000e+02 9.428290405273437500e+02 5.408352375030517578e+00
1.729113006591796875e+02 9.429318847656250000e+02 5.608633995056152344e+00
1.739365081787109375e+02 9.423007202148437500e+02 5.653702735900878906e+00
1.772156677246093750e+02 9.382664794921875000e+02 5.608808994293212891e+00
1.800043029785156250e+02 9.436742553710937500e+02 5.660263061523437500e+00
1.742775268554687500e+02 9.362678222656250000e+02 5.936098575592041016e+00
1.783715820312500000e+02 9.338536987304687500e+02 5.680883407592773438e+00
1.802532043457031250e+02 9.296118774414062500e+02 5.909065723419189453e+00
1.795057067871093750e+02 9.356203613281250000e+02 5.882172584533691406e+00
1.818823547363281250e+02 9.273310546875000000e+02 6.042140483856201172e+00
1.816634216308593750e+02 9.235704956054687500e+02 6.147281169891357422e+00
1.870272827148437500e+02 9.282753295898437500e+02 6.124330043792724609e+00
1.840385437011718750e+02 9.277458496093750000e+02 6.233021259307861328e+00
1.856366577148437500e+02 9.212360839843750000e+02 6.338330745697021484e+00
1.881325683593750000e+02 9.174566040039062500e+02 6.471799850463867188e+00
1.898929138183593750e+02 9.171857910156250000e+02 6.449906826019287109e+00
1.895136718750000000e+02 9.195270385742187500e+02 6.598926544189453125e+00
1.896310577392578125e+02 9.160219726562500000e+02 6.616625308990478516e+00
1.945092468261718750e+02 9.210877685546875000e+02 6.523815155029296875e+00
1.925683441162109375e+02 9.145709228515625000e+02 6.567905426025390625e+00
1.920099487304687500e+02 9.150828857421875000e+02 6.955859661102294922e+00
1.950282287597656250e+02 9.146194458007812500e+02 7.106081962585449219e+00
1.962415771484375000e+02 9.111114501953125000e+02 7.096122741699218750e+00
1.965648956298828125e+02 9.065992431640625000e+02 7.291742801666259766e+00
1.984183654785156250e+02 9.077922973632812500e+02 7.087687969207763672e+00
2.003916473388671875e+02 8.986158447265625000e+02 7.304493904113769531e+00
2.045144958496093750e+02 9.024089965820312500e+02 7.344786643981933594e+00
2.023184967041015625e+02 9.031007690429687500e+02 7.451292037963867188e+00
2.040925140380859375e+02 9.032642211914062500e+02 7.560474395751953125e+00
2.039021759033203125e+02 8.979345092773437500e+02 7.657144069671630859e+00
2.053731231689453125e+02 8.939960937500000000e+02 7.878324985504150391e+00
2.066850738525390625e+02 8.888021240234375000e+02 7.924318313598632812e+00
2.117521514892578125e+02 8.911740722656250000e+02 8.033881187438964844e+00
2.086005401611328125e+02 8.917304687500000000e+02 7.892390251159667969e+00
2.068734283447265625e+02 8.915667114257812500e+02 8.137801170349121094e+00
2.148267364501953125e+02 8.844387817382812500e+02 8.337061882019042969e+00
2.111266784667968750e+02 8.862447509765625000e+02 8.448211669921875000e+00
2.129899902343750000e+02 8.819392700195312500e+02 8.458712577819824219e+00
2.129778594970703125e+02 8.820431518554687500e+02 8.826011657714843750e+00
2.170503692626953125e+02 8.821974487304687500e+02 8.264757156372070312e+00
2.170555725097656250e+02 8.837571411132812500e+02 8.581349372863769531e+00
2.192576904296875000e+02 8.797904663085937500e+02 9.177325248718261719e+00
2.204219360351562500e+02 8.725666503906250000e+02 8.701846122741699219e+00
2.208621520996093750e+02 8.704688720703125000e+02 9.086570739746093750e+00
2.237660217285156250e+02 8.771856079101562500e+02 8.900575637817382812e+00
2.215746612548828125e+02 8.730095214843750000e+02 9.080827713012695312e+00
2.206742858886718750e+02 8.780037231445312500e+02 9.408057212829589844e+00
2.280262451171875000e+02 8.692145996093750000e+02 9.467269897460937500e+00
2.261590270996093750e+02 8.660617675781250000e+02 8.982011795043945312e+00
2.266098937988281250e+02 8.603846435546875000e+02 9.677079200744628906e+00
2.268427124023437500e+02 8.615277709960937500e+02 9.549770355224609375e+00
2.262290191650390625e+02 8.617040405273437500e+02 9.888180732727050781e+00
2.293792877197265625e+02 8.671184082031250000e+02 9.996327400207519531e+00
2.267531738281250000e+02 8.583597412109375000e+02 9.926012039184570312e+00
2.305518188476562500e+02 8.539606323242187500e+02 1.028655242919921875e+01
2.319934997558593750e+02 8.554013671875000000e+02 1.016114997863769531e+01
2.366969299316406250e+02 8.557864379882812500e+02 1.038481903076171875e+01
2.383077545166015625e+02 8.444385986328125000e+02 1.012229061126708984e+01
2.350916137695312500e+02 8.503529052734375000e+02 1.032157516479492188e+01
2.379286651611328125e+02 8.517628173828125000e+02 1.066913890838623047e+01
2.391643524169921875e+02 8.433876953125000000e+02 1.054472351074218750e+01
2.386719207763671875e+02 8.467582397460937500e+02 1.110099124908447266e+01
2.405822906494140625e+02 8.454174194335937500e+02 1.085214042663574219e+01
2.399352569580078125e+02 8.366718750000000000e+02 1.110737705230712891e+01
2.443459014892578125e+02 8.438705444335937500e+02 1.144594001770019531e+01
2.414572143554687500e+02 8.429349365234375000e+02 1.144068717956542969e+01
2.423509368896484375e+02 8.414185791015625000e+02 1.109874820709228516e+01
2.455240478515625000e+02 8.349011230468750000e+02 1.100512886047363281e+01
2.493167419433593750e+02 8.359621582031250000e+02 1.134711360931396484e+01
2.495064544677734375e+02 8.325501098632812500e+02 1.201470375061035156e+01
2.497280426025390625e+02 8.318711547851562500e+02 1.156576442718505859e+01
2.507477111816406250e+02 8.301332397460937500e+02 1.192197227478027344e+01
2.503745574951171875e+02 8.286251831054687500e+02 1.223698616027832031e+01
2.534322967529296875e+02 8.306433715820312500e+02 1.201082324981689453e+01
2.508020629882812500e+02 8.232330322265625000e+02 1.239346027374267578e+01
2.515322418212890625e+02 8.316317138671875000e+02 1.254934501647949219e+01
2.525088043212890625e+02 8.242901611328125000e+02 1.271773338317871094e+01
2.543570861816406250e+02 8.197169189453125000e+02 1.226352882385253906e+01
2.568287963867187500e+02 8.229240722656250000e+02 1.243269252777099609e+01
2.553432159423828125e+02 8.202758789062500000e+02 1.237233734130859375e+01
2.620055236816406250e+02 8.141968994140625000e+02 1.303731155395507812e+01
2.578616333007812500e+02 8.076855468750000000e+02 1.319376945495605469e+01
2.641651916503906250e+02 8.117486572265625000e+02 1.305599403381347656e+01
2.611134643554687500e+02 8.062565307617187500e+02 1.323614406585693359e+01
2.622740478515625000e+02 8.105386962890625000e+02 1.339564800262451172e+01
2.633494873046875000e+02 8.073612670898437500e+02 1.314653015136718750e+01
2.687563476562500000e+02 8.126655273437500000e+02 1.360994434356689453e+01
2.633215637207031250e+02 8.048107910156250000e+02 1.396531677246093750e+01
2.632162170410156250e+02 8.128443603515625000e+02 1.402953147888183594e+01
2.653583679199218750e+02 8.031625366210937500e+02 1.392862987518310547e+01
2.644137878417968750e+02 8.047025146484375000e+02 1.416806221008300781e+01
2.670871582031250000e+02 8.002395629882812500e+02 1.426125907897949219e+01
2.722131347656250000e+02 8.067246704101562500e+02 1.398783206939697266e+01
2.710774536132812500e+02 7.991369018554687500e+02 1.483041763305664062e+01
2.667224731445312500e+02 8.059775390625000000e+02 1.435144233703613281e+01
2.741251831054687500e+02 7.928040771484375000e+02 1.476290702819824219e+01
2.729326171875000000e+02 7.922458496093750000e+02 1.492153835296630859e+01
2.711251525878906250e+02 7.900142822265625000e+02 1.518761920928955078e+01
2.726843261718750000e+02 7.959611206054687500e+02 1.461725997924804688e+01
2.740794677734375000e+02 7.857260742187500000e+02 1.469052314758300781e+01
2.750651550292968750e+02 7.833485717773437500e+02 1.485603523254394531e+01
2.791351318359375000e+02 7.921550903320312500e+02 1.480663681030273438e+01
2.786071472167968750e+02 7.799503173828125000e+02 1.539200782775878906e+01
2.783849792480468750e+02 7.852470703125000000e+02 1.510239410400390625e+01
2.833235473632812500e+02 7.833402099609375000e+02 1.486330223083496094e+01
2.820586547851562500e+02 7.763361206054687500e+02 1.623121261596679688e+01
2.841766967773437500e+02 7.776331787109375000e+02 1.578215694427490234e+01
2.817037658691406250e+02 7.799725952148437500e+02 1.559900760650634766e+01
2.842005310058593750e+02 7.759927368164062500e+02 1.615843963623046875e+01
2.852690429687500000e+02 7.709626464843750000e+02 1.607398414611816406e+01
2.892276000976562500e+02 7.760816650390625000e+02 1.633879852294921875e+01
2.875658264160156250e+02 7.742151489257812500e+02 1.648035430908203125e+01
2.861630554199218750e+02 7.734033203125000000e+02 1.618496894836425781e+01
2.866097106933593750e+02 7.729194946289062500e+02 1.718140029907226562e+01
2.909319458007812500e+02 7.658342895507812500e+02 1.699416732788085938e+01
2.899966735839843750e+02 7.593930053710937500e+02 1.694363594055175781e+01
2.957922363281250000e+02 7.713483886718750000e+02 1.737682914733886719e+01
2.918667297363281250e+02 7.588889160156250000e+02 1.795499801635742188e+01
2.919033508300781250e+02 7.604566040039062500e+02 1.732763481140136719e+01
2.920039367675781250e+02 7.625731811523437500e+02 1.764619445800781250e+01
2.916719360351562500e+02 7.592690429687500000e+02 1.737580680847167969e+01
2.994064636230468750e+02 7.539945678710937500e+02 1.723954010009765625e+01
3.008937988281250000e+02 7.540274658203125000e+02 1.861612129211425781e+01
2.966786499023437500e+02 7.605611572265625000e+02 1.732632827758789062e+01
3.004406738281250000e+02 7.533684692382812500e+02 1.772453498840332031e+01
3.002877197265625000e+02 7.548653564453125000e+02 1.834470558166503906e+01
3.023040466308593750e+02 7.570792236328125000e+02 1.801665878295898438e+01
2.993630371093750000e+02 7.463598632812500000e+02 1.853758430480957031e+01
3.016439514160156250e+02 7.488093872070312500e+02 1.868864822387695312e+01
2.994849853515625000e+02 7.455225219726562500e+02 1.840781021118164062e+01
3.034768066406250000e+02 7.483286132812500000e+02 1.874784851074218750e+01
3.014794006347656250e+02 7.485809936523437500e+02 1.883751869201660156e+01
3.059724426269531250e+02 7.494682006835937500e+02 1.931262969970703125e+01
3.075277709960937500e+02 7.397974243164062500e+02 1.993324279785156250e+01
3.043572692871093750e+02 7.455997314453125000e+02 1.923189544677734375e+01
3.058098144531250000e+02 7.409110107421875000e+02 1.899802970886230469e+01
3.061695556640625000e+02 7.439506835937500000e+02 1.900304031372070312e+01
3.090793762207031250e+02 7.342407836914062500e+02 1.983407592773437500e+01
3.127622680664062500e+02 7.424706420898437500e+02 1.967632293701171875e+01
3.119965820312500000e+02 7.275478515625000000e+02 1.959101104736328125e+01
3.105276489257812500e+02 7.402512817382812500e+02 1.948244094848632812e+01
3.134409179687500000e+02 7.302858276367187500e+02 2.028133010864257812e+01
3.134308776855468750e+02 7.297229003906250000e+02 2.061717033386230469e+01
3.122945861816406250e+02 7.332405395507812500e+02 1.954743385314941406e+01
3.116698303222656250e+02 7.178986816406250000e+02 2.022907257080078125e+01
3.168255004882812500e+02 7.228636474609375000e+02 2.050672340393066406e+01
3.109794616699218750e+02 7.344067993164062500e+02 2.022559738159179688e+01
3.150289916992187500e+02 7.277523803710937500e+02 2.100853919982910156e+01
3.193968200683593750e+02 7.268319091796875000e+02 2.123557090759277344e+01
3.246730651855468750e+02 7.249675292968750000e+02 2.154788589477539062e+01
3.177321777343750000e+02 7.219981079101562500e+02 2.129926681518554688e+01
3.246610717773437500e+02 7.282413330078125000e+02 2.132857322692871094e+01
3.232984924316406250e+02 7.247874755859375000e+02 2.244874191284179688e+01
3.206546020507812500e+02 7.275542602539062500e+02 2.105847930908203125e+01
3.240809326171875000e+02 7.190841674804687500e+02 2.193364715576171875e+01
3.260304260253906250e+02 7.115001220703125000e+02 2.202338600158691406e+01
3.262835083007812500e+02 7.176452636718750000e+02 2.160478782653808594e+01
3.252694396972656250e+02 7.159210205078125000e+02 2.179799652099609375e+01
3.285487670898437500e+02 7.102096557617187500e+02 2.210333251953125000e+01
3.299372558593750000e+02 7.177442016601562500e+02 2.177007102966308594e+01
3.242454833984375000e+02 7.038361816406250000e+02 2.251413726806640625e+01
3.281747436523437500e+02 7.010601806640625000e+02 2.208461380004882812e+01
3.316923522949218750e+02 7.102835693359375000e+02 2.335964584350585938e+01
3.323671569824218750e+02 6.989020385742187500e+02 2.288259315490722656e+01
3.321453857421875000e+02 7.049837646484375000e+02 2.256250762939453125e+01
3.303464965820312500e+02 6.987102050781250000e+02 2.414967727661132812e+01
3.383125305175781250e+02 6.903691406250000000e+02 2.332222366333007812e+01
3.315147094726562500e+02 6.968251953125000000e+02 2.366908645629882812e+01
3.315224914550781250e+02 7.031533813476562500e+02 2.320119476318359375e+01
3.350167846679687500e+02 7.007858276367187500e+02 2.382687377929687500e+01
3.373659667968750000e+02 6.950424804687500000e+02 2.364222145080566406e+01
3.322564697265625000e+02 6.983820190429687500e+02 2.382590675354003906e+01
3.332220764160156250e+02 6.989493408203125000e+02 2.317420578002929688e+01
3.414431762695312500e+02 6.933905639648437500e+02 2.365597534179687500e+01
3.415367126464843750e+02 6.961646728515625000e+02 2.445675086975097656e+01
3.402839355468750000e+02 6.808573608398437500e+02 2.465224075317382812e+01
3.373112182617187500e+02 6.943911743164062500e+02 2.399959182739257812e+01
3.400752868652343750e+02 6.863894042968750000e+02 2.434014701843261719e+01
