5.804817080497741699e-01 2.994760894775390625e+01 1.630378051231673453e-06
3.277748823165893555e-01 2.996985435485839844e+01 5.795290007881703787e-07
1.478659212589263916e-01 2.998649406433105469e+01 1.146298842513715499e-07
4.243203997611999512e-02 2.999590301513671875e+01 1.055951059925064328e-08
4.200151655822992325e-03 2.999946594238281250e+01 1.623717132970270427e-10
1.855625957250595093e-02 2.999844551086425781e+01 9.246181043032208891e-10
6.650731712579727173e-02 2.999447631835937500e+01 1.660949422443991352e-08
1.245686784386634827e-01 2.998926544189453125e+01 6.974576649554364849e-08
1.748017221689224243e-01 2.998447799682617188e+01 1.540301468594407197e-07
2.035488188266754150e-01 2.998159217834472656e+01 2.149225650782682351e-07
2.111129611730575562e-01 2.998040771484375000e+01 2.515132280223042471e-07
2.020326703786849976e-01 2.998107719421386719e+01 2.319371645853607333e-07
1.788012832403182983e-01 2.998326301574707031e+01 1.735918289114124491e-07
1.483141183853149414e-01 2.998597145080566406e+01 1.163929184144762985e-07
1.135715395212173462e-01 2.998907852172851562e+01 7.374450916586283711e-08
8.034205436706542969e-02 2.999198532104492188e+01 3.613679311342821165e-08
5.129313841462135315e-02 2.999485206604003906e+01 1.382555581130873179e-08
2.848781272768974304e-02 2.999695587158203125e+01 3.816122084998596620e-09
1.342497114092111588e-02 2.999850273132324219e+01 5.872743957802128989e-10
6.305145565420389175e-03 2.999927520751953125e+01 2.254062908546572430e-10
7.078703492879867554e-03 2.999938774108886719e+01 1.889516182407291467e-10
1.480870693922042847e-02 2.999879837036132812e+01 6.748917397159104326e-11
2.820270881056785583e-02 2.999768829345703125e+01 1.299658158870897751e-09
4.492095485329627991e-02 2.999621391296386719e+01 5.971565464335526485e-09
6.285289674997329712e-02 2.999438285827636719e+01 1.649670089420851582e-08
8.073116838932037354e-02 2.999285697937011719e+01 3.080773325336849666e-08
9.631141275167465210e-02 2.999132919311523438e+01 4.655847263279611070e-08
1.082589849829673767e-01 2.999023437500000000e+01 6.251661233136474038e-08
1.165065988898277283e-01 2.998918342590332031e+01 7.765851961494263378e-08
1.198636293411254883e-01 2.998868179321289062e+01 8.242879800945956958e-08
1.188208758831024170e-01 2.998864364624023438e+01 8.465821821346253273e-08
1.136791557073593140e-01 2.998901176452636719e+01 7.257366263502262882e-08
1.063090562820434570e-01 2.998989486694335938e+01 6.447162093081715284e-08
9.501265734434127808e-02 2.999055480957031250e+01 4.827216315561599913e-08
8.236360549926757812e-02 2.999147033691406250e+01 3.519538438467861852e-08
6.918256729841232300e-02 2.999276161193847656e+01 2.352242667313930724e-08
5.612242966890335083e-02 2.999406814575195312e+01 1.333772914335895621e-08
4.359937086701393127e-02 2.999526214599609375e+01 6.760599635668995688e-09
3.229955956339836121e-02 2.999648094177246094e+01 2.451264746738957001e-09
2.289001084864139557e-02 2.999744796752929688e+01 5.735275587781529794e-10
1.554289925843477249e-02 2.999826622009277344e+01 8.133597267923065033e-11
1.056278031319379807e-02 2.999881362915039062e+01 1.894306794758549017e-10
8.166837505996227264e-03 2.999916458129882812e+01 3.584903207620726562e-10
8.349338546395301819e-03 2.999926567077636719e+01 2.875069349261849538e-10
1.064612157642841339e-02 2.999913787841796875e+01 1.126231607972982829e-10
1.484718266874551773e-02 2.999883270263671875e+01 1.211599570671850756e-10
2.063037827610969543e-02 2.999827384948730469e+01 7.024046899672953259e-10
2.747217006981372833e-02 2.999766349792480469e+01 2.304992641199987702e-09
3.500209376215934753e-02 2.999689483642578125e+01 4.849625589997685893e-09
4.265372827649116516e-02 2.999617004394531250e+01 8.641165116785032296e-09
5.040533468127250671e-02 2.999541854858398438e+01 1.288036344249121612e-08
5.696201696991920471e-02 2.999471664428710938e+01 1.732397691966980346e-08
6.261356920003890991e-02 2.999408340454101562e+01 2.175404922866164270e-08
6.716039776802062988e-02 2.999357604980468750e+01 2.591786163463893899e-08
7.009096443653106689e-02 2.999314308166503906e+01 2.703489343502951670e-08
7.183673232793807983e-02 2.999280929565429688e+01 2.865666459683779976e-08
7.207618653774261475e-02 2.999281120300292969e+01 2.788554631649731164e-08
7.118957489728927612e-02 2.999299049377441406e+01 2.568029522365122830e-08
6.874261051416397095e-02 2.999279785156250000e+01 2.204674665051697957e-08
6.484140455722808838e-02 2.999333381652832031e+01 1.849945618914716761e-08
6.042609363794326782e-02 2.999357223510742188e+01 1.523486048427002970e-08
5.501751601696014404e-02 2.999409675598144531e+01 1.055082421430597606e-08
4.905282706022262573e-02 2.999464988708496094e+01 6.980868771933046446e-09
4.321193695068359375e-02 2.999520492553710938e+01 4.318474466913357901e-09
3.662737831473350525e-02 2.999595260620117188e+01 2.289984424308499911e-09
3.124580904841423035e-02 2.999651336669921875e+01 9.030617365013426934e-10
2.558343671262264252e-02 2.999718666076660156e+01 2.723530012627151109e-10
2.015084587037563324e-02 2.999774551391601562e+01 7.310423794093523497e-11
1.627516001462936401e-02 2.999820899963378906e+01 1.568097873771989725e-10
1.283709984272718430e-02 2.999859619140625000e+01 3.313116447856145896e-10
1.043374743312597275e-02 2.999891662597656250e+01 4.566015343598905929e-10
8.786563761532306671e-03 2.999914169311523438e+01 4.505893436146379827e-10
8.251437917351722717e-03 2.999924659729003906e+01 3.459084685353275290e-10
8.663438260555267334e-03 2.999927520751953125e+01 1.614170463959396784e-10
9.874853305518627167e-03 2.999921417236328125e+01 5.399473229639184524e-11
1.174410525709390640e-02 2.999903678894042969e+01 1.009096070592185868e-10
1.433601044118404388e-02 2.999883651733398438e+01 3.852410612736889561e-10
1.732309721410274506e-02 2.999849700927734375e+01 1.001823735080620281e-09
2.064166590571403503e-02 2.999816513061523438e+01 1.976459884645009879e-09
2.425414510071277618e-02 2.999779129028320312e+01 2.964005485495135872e-09
2.794862166047096252e-02 2.999740409851074219e+01 4.324461677640556445e-09
3.143920004367828369e-02 2.999703407287597656e+01 5.405068836950022160e-09
3.473885729908943176e-02 2.999653625488281250e+01 7.009057778617489021e-09
3.784912079572677612e-02 2.999618339538574219e+01 7.586208994325716048e-09
4.039655998349189758e-02 2.999584579467773438e+01 8.435252496497014363e-09
4.238238558173179626e-02 2.999563598632812500e+01 8.351777047721498093e-09
4.384038597345352173e-02 2.999540710449218750e+01 8.709898580150365888e-09
4.483762010931968689e-02 2.999520492553710938e+01 8.336967560751418205e-09
4.503973200917243958e-02 2.999518394470214844e+01 6.881663239255431108e-09
4.488192498683929443e-02 2.999517440795898438e+01 6.185023604388106833e-09
4.426297545433044434e-02 2.999513244628906250e+01 4.723732960343340892e-09
4.225404933094978333e-02 2.999546813964843750e+01 3.610705512357981206e-09
4.028752446174621582e-02 2.999557876586914062e+01 2.402990917360625645e-09
3.795566782355308533e-02 2.999572753906250000e+01 1.500562007983319290e-09
3.480174019932746887e-02 2.999607467651367188e+01 7.916338695679314696e-10
3.190568089485168457e-02 2.999639511108398438e+01 3.114508373425195487e-10
2.874674275517463684e-02 2.999671554565429688e+01 6.377847555638638255e-11
2.514052204787731171e-02 2.999719619750976562e+01 1.632418852870465287e-11
2.189109101891517639e-02 2.999757957458496094e+01 9.683864821141696666e-11
1.890116184949874878e-02 2.999788665771484375e+01 2.451116531965169543e-10
1.598525233566761017e-02 2.999822235107421875e+01 3.650421909195955550e-10
1.341046206653118134e-02 2.999851608276367188e+01 4.763106575822462219e-10
1.105949375778436661e-02 2.999879646301269531e+01 5.154261462081421996e-10
9.193375706672668457e-03 2.999903869628906250e+01 4.767497507884854713e-10
7.669761311262845993e-03 2.999922943115234375e+01 3.951958760239904223e-10
6.674684584140777588e-03 2.999936676025390625e+01 2.589251590912056145e-10
6.045978982001543045e-03 2.999945831298828125e+01 1.451458259138505014e-10
5.902878008782863617e-03 2.999950790405273438e+01 5.600548844131303383e-11
6.161542143672704697e-03 2.999949455261230469e+01 2.503864823810708629e-11
6.859210785478353500e-03 2.999942398071289062e+01 6.903264071489445541e-11
7.927995175123214722e-03 2.999931335449218750e+01 1.837144325556039348e-10
9.316209703683853149e-03 2.999917984008789062e+01 3.763683253943383988e-10
1.106161158531904221e-02 2.999897766113281250e+01 6.611506342402151404e-10
1.300932653248310089e-02 2.999876022338867188e+01 9.704410608435409813e-10
1.494286302477121353e-02 2.999850845336914062e+01 1.280545447457370756e-09
1.716862991452217102e-02 2.999822235107421875e+01 1.591230480713079487e-09
1.960454694926738739e-02 2.999793243408203125e+01 1.782831993146771765e-09
2.143073827028274536e-02 2.999768257141113281e+01 2.008416544185820385e-09
2.343307621777057648e-02 2.999748611450195312e+01 2.071458560237715574e-09
2.552538178861141205e-02 2.999725723266601562e+01 1.972921603865529505e-09
2.672674134373664856e-02 2.999703979492187500e+01 1.949573169568452613e-09
2.822024933993816376e-02 2.999694442749023438e+01 1.708008845469066728e-09
2.937290258705615997e-02 2.999672889709472656e+01 1.415219275102685970e-09
2.984475158154964447e-02 2.999662208557128906e+01 1.155926687701480660e-09
3.034068457782268524e-02 2.999662208557128906e+01 8.208407287213503878e-10
2.990113757550716400e-02 2.999652481079101562e+01 5.486826548661838387e-10
2.931678295135498047e-02 2.999664306640625000e+01 2.865367387805406452e-10
2.887123636901378632e-02 2.999674224853515625e+01 1.339701127811565584e-10
2.792713604867458344e-02 2.999684524536132812e+01 3.162871353712404243e-11
2.649280428886413574e-02 2.999700546264648438e+01 4.564201122082833795e-13
2.461734227836132050e-02 2.999712753295898438e+01 2.371539943590850186e-11
2.265906147658824921e-02 2.999738693237304688e+01 8.519508709614598274e-11
2.074187062680721283e-02 2.999770164489746094e+01 1.590399478779147557e-10
1.875594258308410645e-02 2.999788284301757812e+01 2.479665639487649287e-10
1.641976833343505859e-02 2.999812126159667969e+01 2.940570842380196837e-10
1.423460897058248520e-02 2.999836349487304688e+01 3.354093669472035799e-10
1.224035862833261490e-02 2.999862480163574219e+01 3.432126804980839552e-10
1.022363267838954926e-02 2.999887847900390625e+01 3.204515541810337709e-10
8.418812416493892670e-03 2.999909591674804688e+01 2.742568394609179450e-10
6.766943261027336121e-03 2.999929809570312500e+01 2.317945696495016250e-10
5.271711852401494980e-03 2.999946403503417969e+01 1.592367210312417569e-10
4.168237093836069107e-03 2.999959945678710938e+01 9.565537251177147482e-11
3.269772510975599289e-03 2.999970436096191406e+01 4.661801847327673443e-11
2.712803427129983902e-03 2.999977111816406250e+01 1.579959253705798261e-11
2.463547978550195694e-03 2.999979972839355469e+01 1.205502603122965422e-12
2.515833824872970581e-03 2.999979209899902344e+01 7.141386006853656099e-12
2.860066480934619904e-03 2.999974441528320312e+01 3.167788947822103296e-11
3.505395026877522469e-03 2.999966812133789062e+01 7.348659181172223498e-11
4.429039079695940018e-03 2.999955177307128906e+01 1.199543103735933869e-10
5.519363563507795334e-03 2.999943542480468750e+01 1.653936015921786407e-10
6.864580791443586349e-03 2.999925422668457031e+01 2.173495827761939836e-10
8.287493139505386353e-03 2.999912261962890625e+01 2.537464960372659561e-10
9.760483168065547943e-03 2.999893188476562500e+01 2.616737659888457301e-10
1.145386788994073868e-02 2.999871253967285156e+01 2.577510149759376645e-10
1.306654606014490128e-02 2.999849700927734375e+01 2.413748645402336024e-10
1.467400975525379181e-02 2.999838256835937500e+01 2.184183528486371983e-10
1.607319340109825134e-02 2.999819183349609375e+01 1.584998104986468093e-10
1.732674799859523773e-02 2.999808120727539062e+01 1.122491682936654911e-10
1.838487386703491211e-02 2.999786758422851562e+01 6.908910249459054853e-11
1.941158063709735870e-02 2.999778366088867188e+01 4.123212882234383869e-11
2.005331777036190033e-02 2.999764633178710938e+01 2.745845738283403392e-11
2.083066664636135101e-02 2.999761199951171875e+01 3.428534886551481975e-11
2.107434161007404327e-02 2.999760055541992188e+01 5.723830784343242328e-11
2.099050395190715790e-02 2.999752998352050781e+01 8.950370999905032932e-11
2.084700576961040497e-02 2.999764633178710938e+01 1.331978000118638761e-10
2.042931877076625824e-02 2.999769210815429688e+01 1.801130911083248520e-10
1.949232816696166992e-02 2.999772071838378906e+01 2.079034722157757642e-10
1.870773918926715851e-02 2.999787902832031250e+01 2.421341460667747469e-10
1.750920526683330536e-02 2.999799728393554688e+01 2.569298385157736675e-10
1.606396771967411041e-02 2.999812316894531250e+01 2.556128642083876912e-10
1.464545167982578278e-02 2.999835014343261719e+01 2.475808447144345337e-10
1.314435247331857681e-02 2.999850273132324219e+01 2.295470757918138816e-10
1.139913965016603470e-02 2.999868774414062500e+01 2.009901411970105300e-10
9.835707955062389374e-03 2.999887847900390625e+01 1.670681926135841877e-10
8.341087028384208679e-03 2.999909210205078125e+01 1.430512652778048732e-10
6.852620746940374374e-03 2.999925613403320312e+01 1.122710119316749910e-10
5.340131931006908417e-03 2.999942398071289062e+01 8.494471098741129822e-11
4.071171395480632782e-03 2.999955368041992188e+01 5.653671975025531538e-11
2.972921822220087051e-03 2.999968528747558594e+01 3.970847262113608167e-11
2.064218511804938316e-03 2.999978637695312500e+01 2.394449395703990291e-11
1.360353780910372734e-03 2.999986648559570312e+01 1.228101648154122927e-11
8.515926892869174480e-04 2.999991989135742188e+01 4.356703799807126742e-12
5.791997537016868591e-04 2.999994659423828125e+01 1.196436938237510628e-12
5.285028018988668919e-04 2.999995231628417969e+01 1.324694911056245594e-12
6.971076363697648048e-04 2.999992752075195312e+01 3.786092099555826707e-12
1.065724529325962067e-03 2.999988555908203125e+01 7.529815312934395877e-12
1.658970024436712265e-03 2.999981689453125000e+01 1.038352737126047032e-11
2.388549270108342171e-03 2.999972915649414062e+01 1.272182185985126779e-11
3.270021406933665276e-03 2.999961853027343750e+01 1.166002711050495577e-11
4.269407596439123154e-03 2.999950408935546875e+01 9.497985731243829832e-12
5.394885316491127014e-03 2.999937438964843750e+01 5.930632287348691634e-12
6.603521294891834259e-03 2.999925613403320312e+01 2.126855766157453864e-12
7.829213514924049377e-03 2.999910545349121094e+01 1.430061174730393181e-13
9.056096896529197693e-03 2.999898529052734375e+01 1.108843702621320482e-12
1.011164579540491104e-02 2.999882888793945312e+01 6.217547310338744637e-12
1.137816905975341797e-02 2.999874305725097656e+01 1.477502495350613287e-11
1.229974068701267242e-02 2.999863433837890625e+01 2.735668115649847465e-11
1.322309672832489014e-02 2.999852180480957031e+01 4.403689218834827557e-11
1.371273677796125412e-02 2.999843978881835938e+01 5.583462164837627029e-11
1.424234639853239059e-02 2.999839019775390625e+01 7.191019307795087911e-11
1.463685650378465652e-02 2.999831962585449219e+01 9.039918119624346105e-11
1.480302959680557251e-02 2.999834442138671875e+01 9.489926899863831977e-11
1.477727107703685760e-02 2.999830627441406250e+01 9.577935666804648918e-11
1.459708996117115021e-02 2.999832916259765625e+01 9.906266085213388806e-11
1.392507739365100861e-02 2.999841308593750000e+01 1.030852070371679474e-10
1.338678970932960510e-02 2.999844360351562500e+01 9.211127000030572276e-11
1.277741044759750366e-02 2.999850845336914062e+01 8.489917796561385899e-11
1.172613631933927536e-02 2.999866485595703125e+01 7.513407257464521649e-11
1.082329358905553818e-02 2.999874496459960938e+01 6.862008183894374724e-11
9.814934805035591125e-03 2.999887466430664062e+01 6.004634983680645632e-11
8.753865957260131836e-03 2.999901580810546875e+01 5.258059265766945600e-11
7.661451585590839386e-03 2.999913024902343750e+01 4.493204766586877952e-11
6.398377940058708191e-03 2.999926376342773438e+01 3.659079289564104442e-11
5.357072222977876663e-03 2.999937057495117188e+01 2.949113522832114143e-11
4.338608123362064362e-03 2.999950218200683594e+01 2.206078202060535176e-11
3.332867054268717766e-03 2.999961090087890625e+01 1.542444123814323831e-11
2.487372141331434250e-03 2.999971771240234375e+01 9.452257553055343209e-12
1.719675259664654732e-03 2.999979972839355469e+01 5.551063515102372392e-12
1.072900020517408848e-03 2.999987030029296875e+01 2.510234207997452671e-12
5.874768830835819244e-04 2.999993133544921875e+01 1.014305609989274437e-12
2.416257630102336407e-04 2.999997138977050781e+01 2.442043962880280361e-13
5.416072963271290064e-05 2.999999618530273438e+01 2.655990729541653217e-14
2.513363506295718253e-05 2.999999618530273438e+01 5.771832003905992894e-15
1.499876962043344975e-04 2.999998474121093750e+01 7.326614087557054011e-14
4.243889125064015388e-04 2.999995231628417969e+01 3.548773146004602363e-13
8.280542097054421902e-04 2.999990463256835938e+01 1.193107895466893886e-12
1.346071250736713409e-03 2.999984741210937500e+01 3.102900098320149347e-12
1.986470539122819901e-03 2.999976348876953125e+01 6.457498598344546537e-12
2.697417745366692543e-03 2.999969482421875000e+01 1.165778064360356581e-11
3.495888551697134972e-03 2.999959754943847656e+01 1.855986198062709036e-11
4.248646553605794907e-03 2.999950790405273438e+01 2.789640740630261462e-11
5.028412211686372757e-03 2.999942398071289062e+01 3.629083492051599080e-11
5.874500609934329987e-03 2.999930572509765625e+01 4.479364101861449399e-11
6.679410580545663834e-03 2.999921989440917969e+01 5.389692164792236895e-11
7.380864582955837250e-03 2.999911308288574219e+01 6.040788008698783074e-11
8.006018586456775665e-03 2.999909400939941406e+01 6.181985479081220092e-11
8.683062158524990082e-03 2.999897384643554688e+01 6.127498508590178972e-11
9.014432318508625031e-03 2.999895858764648438e+01 6.001141250600028343e-11
9.504020214080810547e-03 2.999892997741699219e+01 5.524605772855295527e-11
9.561516344547271729e-03 2.999887847900390625e+01 4.874513293007254333e-11
9.751223027706146240e-03 2.999885940551757812e+01 4.136892911565936970e-11
9.895603172481060028e-03 2.999887847900390625e+01 3.339119952761038235e-11
9.644973091781139374e-03 2.999885559082031250e+01 2.706010415742809982e-11
9.407272562384605408e-03 2.999892807006835938e+01 2.279908900559846074e-11
9.162721224129199982e-03 2.999893379211425781e+01 1.803741531136715537e-11
8.639421314001083374e-03 2.999901199340820312e+01 1.320544021354841391e-11
8.094693534076213837e-03 2.999905586242675781e+01 1.110810748938817483e-11
7.593655493110418320e-03 2.999913024902343750e+01 9.134065899474297368e-12
6.941696163266897202e-03 2.999918365478515625e+01 7.749552735636378031e-12
6.147827487438917160e-03 2.999927902221679688e+01 6.537183121213541170e-12
5.464877001941204071e-03 2.999936676025390625e+01 5.934706285432023165e-12
4.757735412567853928e-03 2.999945068359375000e+01 5.184998697754794605e-12
4.086159169673919678e-03 2.999952316284179688e+01 4.822228553968965770e-12
3.393628867343068123e-03 2.999960136413574219e+01 4.537357468914482439e-12
2.701051998883485794e-03 2.999969100952148438e+01 4.414110570116758225e-12
2.105332212522625923e-03 2.999975585937500000e+01 4.413038944689473553e-12
1.600623945705592632e-03 2.999981880187988281e+01 4.280383773119789126e-12
1.148033654317259789e-03 2.999987030029296875e+01 3.529198634721897321e-12
8.044920978136360645e-04 2.999991416931152344e+01 2.611063275315128607e-12
5.370394210331141949e-04 2.999994468688964844e+01 1.680144196512800558e-12
3.635332686826586723e-04 2.999996566772460938e+01 7.737116069356231307e-13
2.971425128635019064e-04 2.999997711181640625e+01 2.225629213261151595e-13
3.140289336442947388e-04 2.999997138977050781e+01 2.310896157591002531e-13
4.212357162032276392e-04 2.999996185302734375e+01 9.910101168505991431e-13
6.160981138236820698e-04 2.999994087219238281e+01 2.566503216547277866e-12
8.783708326518535614e-04 2.999990844726562500e+01 4.931130156982099777e-12
1.195220858789980412e-03 2.999987030029296875e+01 7.558786929706684532e-12
1.585258636623620987e-03 2.999982452392578125e+01 1.021671809653401652e-11
1.997603336349129677e-03 2.999977493286132812e+01 1.353902406853180196e-11
2.447943203151226044e-03 2.999971771240234375e+01 1.547060916873288505e-11
2.945634769275784492e-03 2.999967384338378906e+01 1.674292648967679042e-11
3.440483007580041885e-03 2.999960708618164062e+01 1.793864362609198793e-11
3.912521991878747940e-03 2.999955177307128906e+01 1.736166418964124603e-11
4.378631711006164551e-03 2.999950790405273438e+01 1.600706546478480874e-11
4.772376269102096558e-03 2.999944686889648438e+01 1.524874844449630729e-11
5.195674020797014236e-03 2.999939727783203125e+01 1.427638389450702761e-11
5.526269786059856415e-03 2.999934005737304688e+01 1.344156730365142494e-11
5.850342568010091782e-03 2.999932098388671875e+01 1.233594216359934492e-11
6.108386442065238953e-03 2.999930381774902344e+01 1.206111426010902932e-11
6.194862537086009979e-03 2.999927902221679688e+01 1.136463319284519713e-11
6.257623434066772461e-03 2.999926376342773438e+01 1.126703157855457604e-11
6.345744244754314423e-03 2.999926757812500000e+01 1.103899350402004487e-11
6.180532276630401611e-03 2.999928283691406250e+01 1.084265142947682392e-11
6.149408407509326935e-03 2.999927520751953125e+01 1.147326678108129272e-11
5.959248635917901993e-03 2.999931335449218750e+01 1.213316253023677405e-11
5.721444264054298401e-03 2.999934387207031250e+01 1.326133473866786261e-11
5.365050863474607468e-03 2.999937820434570312e+01 1.465536199340977674e-11
5.051587242633104324e-03 2.999941825866699219e+01 1.597593585200840494e-11
4.603893961757421494e-03 2.999946975708007812e+01 1.607076277609920112e-11
4.233004525303840637e-03 2.999951934814453125e+01 1.786965714289934226e-11
3.777169156819581985e-03 2.999956321716308594e+01 2.002929419542276435e-11
3.332303836941719055e-03 2.999961471557617188e+01 1.810578423300235329e-11
2.928344998508691788e-03 2.999966812133789062e+01 1.860045797941189960e-11
2.491623163223266602e-03 2.999972915649414062e+01 1.682796957336307742e-11
2.092616632580757141e-03 2.999977111816406250e+01 1.513424628674098216e-11
1.733900979161262512e-03 2.999981307983398438e+01 1.290488289146241030e-11
1.385395880788564682e-03 2.999985122680664062e+01 9.998917492592962475e-12
1.082056085579097271e-03 2.999988746643066406e+01 7.167309280797784510e-12
8.402263629250228405e-04 2.999991989135742188e+01 4.471116185622570072e-12
6.320401444099843502e-04 2.999993896484375000e+01 2.580256537945690987e-12
4.822427872568368912e-04 2.999995803833007812e+01 1.075537120302783034e-12
3.855895483866333961e-04 2.999996566772460938e+01 3.172212384265626905e-13
3.510150127112865448e-04 2.999997138977050781e+01 1.688554623815313738e-13
3.690838639158755541e-04 2.999996566772460938e+01 5.255828324640665627e-13
4.451381973922252655e-04 2.999995803833007812e+01 1.168098495533953507e-12
5.680563626810908318e-04 2.999994277954101562e+01 1.833700509143443291e-12
7.422470953315496445e-04 2.999991989135742188e+01 2.513515871133131796e-12
9.601371129974722862e-04 2.999989509582519531e+01 3.004888655608328740e-12
1.220071222633123398e-03 2.999986457824707031e+01 2.957752532478652441e-12
1.503341714851558208e-03 2.999983024597167969e+01 3.118510224359161143e-12
1.798236859031021595e-03 2.999979019165039062e+01 2.865132393489733253e-12
2.111833775416016579e-03 2.999975204467773438e+01 2.452570048092073129e-12
2.446041209623217583e-03 2.999971389770507812e+01 2.101943619159385435e-12
2.726771635934710503e-03 2.999969100952148438e+01 1.845380402307195133e-12
3.022130811586976051e-03 2.999964904785156250e+01 1.917088232952779414e-12
3.289344953373074532e-03 2.999961471557617188e+01 2.166249384732976679e-12
3.546842141076922417e-03 2.999958992004394531e+01 2.924215557198461823e-12
3.773055039346218109e-03 2.999956130981445312e+01 4.198219029361016652e-12
3.976682666689157486e-03 2.999953269958496094e+01 5.983292420547181578e-12
4.058765247464179993e-03 2.999952697753906250e+01 8.636445725240804450e-12
4.166398197412490845e-03 2.999951362609863281e+01 1.156502931615177587e-11
4.226453602313995361e-03 2.999950790405273438e+01 1.508609209777134197e-11
4.230525810271501541e-03 2.999950599670410156e+01 1.896912835142039455e-11
4.188037477433681488e-03 2.999952316284179688e+01 2.329678464030315865e-11
4.037596285343170166e-03 2.999953079223632812e+01 2.572322736760224160e-11
3.959029447287321091e-03 2.999954605102539062e+01 2.842941854153124837e-11
3.779949853196740150e-03 2.999957084655761719e+01 2.951328070821546135e-11
3.574158763512969017e-03 2.999958992004394531e+01 2.916841421174432014e-11
3.343323944136500359e-03 2.999963378906250000e+01 2.884393245083938240e-11
3.015570109710097313e-03 2.999965858459472656e+01 2.807750906774764132e-11
2.741336124017834663e-03 2.999969673156738281e+01 2.535237297873749185e-11
2.429550979286432266e-03 2.999972915649414062e+01 2.041273747255267779e-11
2.132034627720713615e-03 2.999976921081542969e+01 1.667291305018636649e-11
1.802295562811195850e-03 2.999980545043945312e+01 1.366824622234252828e-11
1.475226832553744316e-03 2.999983787536621094e+01 1.007905564565092504e-11
1.184030435979366302e-03 2.999987411499023438e+01 7.218181347773411360e-12
9.437905391678214073e-04 2.999990272521972656e+01 4.661951380491302643e-12
6.995051517151296139e-04 2.999992752075195312e+01 2.734536989207336788e-12
4.957832279615104198e-04 2.999995040893554688e+01 1.492663631585955386e-12
3.358402173034846783e-04 2.999996948242187500e+01 6.465061775859370918e-13
2.095301024382933974e-04 2.999998092651367188e+01 2.067687926259054176e-13
1.326490601059049368e-04 2.999998855590820312e+01 4.372445060098900660e-14
1.031358624459244311e-04 2.999999046325683594e+01 3.669886456899619509e-14
1.145529458881355822e-04 2.999998855590820312e+01 1.090510331775568220e-13
1.694882957963272929e-04 2.999998092651367188e+01 1.916283158629600303e-13
2.626703935675323009e-04 2.999997138977050781e+01 2.638463178408073651e-13
3.987962263636291027e-04 2.999995422363281250e+01 3.370273623983649491e-13
5.627946229651570320e-04 2.999993324279785156e+01 3.929089313018524487e-13
7.408620440401136875e-04 2.999990844726562500e+01 4.973135618591140172e-13
9.649623534642159939e-04 2.999988746643066406e+01 7.060424293825473541e-13
1.177334226667881012e-03 2.999986267089843750e+01 1.150658127807568931e-12
1.421409193426370621e-03 2.999983215332031250e+01 1.779431853601853852e-12
1.675619860179722309e-03 2.999980545043945312e+01 3.151223856509566268e-12
1.928093261085450649e-03 2.999977493286132812e+01 4.527049308339359257e-12
2.155926078557968140e-03 2.999975204467773438e+01 6.227801694486112538e-12
2.371132373809814453e-03 2.999972915649414062e+01 8.877384938266175141e-12
2.546834526583552361e-03 2.999971008300781250e+01 1.178217679670412465e-11
2.741200150921940804e-03 2.999969291687011719e+01 1.373808879157056850e-11
2.853502286598086357e-03 2.999967193603515625e+01 1.644196757910609819e-11
2.996069611981511116e-03 2.999966621398925781e+01 1.851118217044422920e-11
3.024799516424536705e-03 2.999965858459472656e+01 2.182885816548463254e-11
3.047238802537322044e-03 2.999965286254882812e+01 2.149829619879639608e-11
3.032613545656204224e-03 2.999965858459472656e+01 2.306037999444399134e-11
2.953763585537672043e-03 2.999966621398925781e+01 2.295723680600936234e-11
2.856597304344177246e-03 2.999968338012695312e+01 2.109364766189614215e-11
2.737483242526650429e-03 2.999969673156738281e+01 1.924024481403385778e-11
2.539943670853972435e-03 2.999969863891601562e+01 1.809131490448923074e-11
2.373257651925086975e-03 2.999973106384277344e+01 1.512483367716033200e-11
2.196979941800236702e-03 2.999975585937500000e+01 1.230330681084579325e-11
1.942466944456100464e-03 2.999977493286132812e+01 1.056942901256352485e-11
1.703086541965603828e-03 2.999980926513671875e+01 7.999540266312443748e-12
1.487270696088671684e-03 2.999983787536621094e+01 5.864286920648220658e-12
1.243787584826350212e-03 2.999985885620117188e+01 4.372047428952141601e-12
1.020789030008018017e-03 2.999988174438476562e+01 3.001524809947975214e-12
8.049486204981803894e-04 2.999990844726562500e+01 1.865296979375319353e-12
6.069946684874594212e-04 2.999993133544921875e+01 1.106796295238798855e-12
4.367884248495101929e-04 2.999995231628417969e+01 6.386170346879549431e-13
2.855993225239217281e-04 2.999996566772460938e+01 2.872114438640105405e-13
1.666166645009070635e-04 2.999998092651367188e+01 1.136677964209617531e-13
8.221773896366357803e-05 2.999999046325683594e+01 3.536038310574494969e-14
2.966760803246870637e-05 2.999999618530273438e+01 6.235250082095925017e-15
1.108331889554392546e-05 3.000000000000000000e+01 3.797615573686307939e-16
2.657169534359127283e-05 2.999999809265136719e+01 4.558330675538593141e-15
7.401780021609738469e-05 2.999999237060546875e+01 2.878159678903341456e-14
1.518185599707067013e-04 2.999998283386230469e+01 9.894139679647931396e-14
2.619163133203983307e-04 2.999997138977050781e+01 2.677487409303430654e-13
3.873143868986517191e-04 2.999995803833007812e+01 6.012878996791704012e-13
5.362844094634056091e-04 2.999994277954101562e+01 1.093667474291737385e-12
7.008056272752583027e-04 2.999992370605468750e+01 1.867737084784715229e-12
8.801834192126989365e-04 2.999990272521972656e+01 2.764817888523118938e-12
1.054332708008587360e-03 2.999987792968750000e+01 3.911330460903972295e-12
1.233441755175590515e-03 2.999986267089843750e+01 5.019562022978707461e-12
1.383675029501318932e-03 2.999984359741210938e+01 6.935573209493339775e-12
1.565002254210412502e-03 2.999982643127441406e+01 8.328610370811340147e-12
1.705427304841578007e-03 2.999980926513671875e+01 9.430919586939090493e-12
1.827661879360675812e-03 2.999979400634765625e+01 9.968561566486844328e-12
1.943023991771042347e-03 2.999978637695312500e+01 1.027427882355214095e-11
2.009368967264890671e-03 2.999977111816406250e+01 1.032161942721154801e-11
2.048186725005507469e-03 2.999976730346679688e+01 9.861434585589634594e-12
2.060557249933481216e-03 2.999976158142089844e+01 1.002449078607581257e-11
2.074640011414885521e-03 2.999976158142089844e+01 8.664454570483925977e-12
2.062837360426783562e-03 2.999976730346679688e+01 8.182848496018912954e-12
1.983173191547393799e-03 2.999977302551269531e+01 7.061080019299392774e-12
1.897224108688533306e-03 2.999977493286132812e+01 5.873046840521034540e-12
1.803634688258171082e-03 2.999979209899902344e+01 5.201943476668136057e-12
1.672293175943195820e-03 2.999980545043945312e+01 3.826603964252051071e-12
1.551011577248573303e-03 2.999981880187988281e+01 3.031631803235290690e-12
1.400767709128558636e-03 2.999983787536621094e+01 2.072935573194101266e-12
1.237035263329744339e-03 2.999985122680664062e+01 1.360551428464251700e-12
1.096265623345971107e-03 2.999987411499023438e+01 8.760200681176555371e-13
9.361237171106040478e-04 2.999988746643066406e+01 4.570788734482855720e-13
7.787598879076540470e-04 2.999990653991699219e+01 2.111557727713792021e-13
6.390661001205444336e-04 2.999992370605468750e+01 8.079514569317089445e-14
5.030638421885669231e-04 2.999994277954101562e+01 3.904622664693130352e-14
3.872323723044246435e-04 2.999995803833007812e+01 4.937523778508409733e-14
2.824057010002434254e-04 2.999996566772460938e+01 7.142591775194731540e-14
2.014013152802363038e-04 2.999997901916503906e+01 8.412124756539476889e-14
1.390717952745035291e-04 2.999998474121093750e+01 8.695171319073047300e-14
9.921180026140064001e-05 2.999999046325683594e+01 5.886784115727294875e-14
8.271309343399479985e-05 2.999999618530273438e+01 2.614714136395593358e-14
8.864310075296089053e-05 2.999999237060546875e+01 1.150505031684550400e-14
1.128075382439419627e-04 2.999999046325683594e+01 4.020112896545822989e-14
1.589424937264993787e-04 2.999998474121093750e+01 1.288910926773578769e-13
2.180244628107175231e-04 2.999997901916503906e+01 3.016352358858886973e-13
2.943151048384606838e-04 2.999997138977050781e+01 5.685842963988607668e-13
3.805634914897382259e-04 2.999995994567871094e+01 9.016751104443110343e-13
4.806099459528923035e-04 2.999994659423828125e+01 1.216089728917069124e-12
5.774144083261489868e-04 2.999993896484375000e+01 1.532480522689616542e-12
6.824113661423325539e-04 2.999992561340332031e+01 1.946432164751099592e-12
7.881085621193051338e-04 2.999991226196289062e+01 2.279965929594118812e-12
8.918746025301516056e-04 2.999990081787109375e+01 2.711361300408721142e-12
9.996731532737612724e-04 2.999988937377929688e+01 2.701140743369134789e-12
1.079901936464011669e-03 2.999987792968750000e+01 2.715665149352619601e-12
1.157069695182144642e-03 2.999986839294433594e+01 2.772209762094690610e-12
1.257787342183291912e-03 2.999985694885253906e+01 2.786230014067969663e-12
1.301934826187789440e-03 2.999985504150390625e+01 2.609738813941220315e-12
1.338674221187829971e-03 2.999984359741210938e+01 2.325536898467595037e-12
1.366801094263792038e-03 2.999984359741210938e+01 1.984573529817401649e-12
1.365020638331770897e-03 2.999984359741210938e+01 1.708719537391045762e-12
1.366212614811956882e-03 2.999983978271484375e+01 1.365815880532972315e-12
1.331743900664150715e-03 2.999984359741210938e+01 1.010376027635317975e-12
1.286410028114914894e-03 2.999984741210937500e+01 6.258314721487023835e-13
1.236548530869185925e-03 2.999985504150390625e+01 3.944669027186598065e-13
1.185233239084482193e-03 2.999986267089843750e+01 2.074067642892502006e-13
1.089875004254281521e-03 2.999987602233886719e+01 1.091703564029024298e-13
1.002870383672416210e-03 2.999988555908203125e+01 8.601462370052409545e-14
9.028263157233595848e-04 2.999989509582519531e+01 1.234852877503994639e-13
8.054673089645802975e-04 2.999990463256835938e+01 1.979930976114818719e-13
7.106225821189582348e-04 2.999991989135742188e+01 2.954617887157562350e-13
6.110795075073838234e-04 2.999993133544921875e+01 3.879945410095730907e-13
5.178835126571357250e-04 2.999994087219238281e+01 4.113965570116950854e-13
4.251033242326229811e-04 2.999995231628417969e+01 4.472379497993950181e-13
3.418602864257991314e-04 2.999996185302734375e+01 3.874116197115362592e-13
2.729451516643166542e-04 2.999997138977050781e+01 3.354750830429631403e-13
2.087004977511242032e-04 2.999997901916503906e+01 2.485818896644925724e-13
1.584259734954684973e-04 2.999998474121093750e+01 1.584190677944574688e-13
1.186765293823555112e-04 2.999999046325683594e+01 7.966362487211997578e-14
9.621352364774793386e-05 2.999999237060546875e+01 2.722305616608550194e-14
8.545316813979297876e-05 2.999999618530273438e+01 3.699163134281927695e-15
9.019141725730150938e-05 2.999999046325683594e+01 1.167423752476302520e-14
1.059332571458071470e-04 2.999999046325683594e+01 4.900014787911737002e-14
1.374218554701656103e-04 2.999998474121093750e+01 1.047512025579601380e-13
1.796172582544386387e-04 2.999998092651367188e+01 1.701283563896108242e-13
2.330885909032076597e-04 2.999997711181640625e+01 2.369837724496004494e-13
2.915821387432515621e-04 2.999996566772460938e+01 3.148909355921852837e-13
3.629686543717980385e-04 2.999995994567871094e+01 3.721599851208567955e-13
4.304430040065199137e-04 2.999995231628417969e+01 3.916539130770918531e-13
5.091002094559371471e-04 2.999994277954101562e+01 4.068491962598563827e-13
5.886472063139081001e-04 2.999993324279785156e+01 3.799371299344211916e-13
6.644624518230557442e-04 2.999992179870605469e+01 3.340027635977821374e-13
7.276596734300255775e-04 2.999991416931152344e+01 2.611430223540406326e-13
8.015812491066753864e-04 2.999990844726562500e+01 1.778606829958701008e-13
8.447232539765536785e-04 2.999990463256835938e+01 9.781096017760088079e-14
8.990724454633891582e-04 2.999989509582519531e+01 3.837261183716605961e-14
9.239479550160467625e-04 2.999988937377929688e+01 8.904194994719706602e-15
9.409711929038167000e-04 2.999988555908203125e+01 2.082696130356956332e-14
9.717362700030207634e-04 2.999988746643066406e+01 7.325019632737142516e-14
9.739804081618785858e-04 2.999988555908203125e+01 1.659876121100356539e-13
9.531325777061283588e-04 2.999988746643066406e+01 2.825666946520283274e-13
9.232626180164515972e-04 2.999988937377929688e+01 4.091137693375268558e-13
8.930005715228617191e-04 2.999989318847656250e+01 5.636171867759443010e-13
8.470620377920567989e-04 2.999990272521972656e+01 6.523645013946366422e-13
7.845662767067551613e-04 2.999990844726562500e+01 6.919392359430731609e-13
7.152513135224580765e-04 2.999991607666015625e+01 7.166183336841658313e-13
6.506670033559203148e-04 2.999992370605468750e+01 6.733997582643314050e-13
5.766551475971937180e-04 2.999993324279785156e+01 6.039968330172340583e-13
4.973053582943975925e-04 2.999994087219238281e+01 5.041358498193704296e-13
4.236539243720471859e-04 2.999995231628417969e+01 4.136100641670414912e-13
3.452516684774309397e-04 2.999996185302734375e+01 3.022776798831949829e-13
2.743828517850488424e-04 2.999996948242187500e+01 2.238710790098547010e-13
2.100628626067191362e-04 2.999997711181640625e+01 1.452467974453336419e-13
1.508229179307818413e-04 2.999998474121093750e+01 9.257434499965883079e-14
1.014636072795838118e-04 2.999999046325683594e+01 4.950782215825191845e-14
6.351070624077692628e-05 2.999999618530273438e+01 2.286299472767545915e-14
3.805079541052691638e-05 2.999999809265136719e+01 7.471456552130949919e-15
2.405610575806349516e-05 3.000000000000000000e+01 1.425307422542494706e-15
2.058682002825662494e-05 3.000000000000000000e+01 1.902112644705544232e-15
3.005732469318900257e-05 2.999999809265136719e+01 6.190702078300979599e-15
5.062832860858179629e-05 2.999999618530273438e+01 1.206745647689983630e-14
8.034791972022503614e-05 2.999999046325683594e+01 1.744747602687793386e-14
