2.738740295171737671e-03 0.000000000000000000e+00 0.000000000000000000e+00
2.926285611465573311e-03 0.000000000000000000e+00 0.000000000000000000e+00
2.878757892176508904e-03 0.000000000000000000e+00 0.000000000000000000e+00
2.707455540075898170e-03 0.000000000000000000e+00 0.000000000000000000e+00
2.730022417381405830e-03 0.000000000000000000e+00 0.000000000000000000e+00
2.749625360593199730e-03 0.000000000000000000e+00 0.000000000000000000e+00
2.697721123695373535e-03 0.000000000000000000e+00 0.000000000000000000e+00
2.528088865801692009e-03 0.000000000000000000e+00 0.000000000000000000e+00
2.513260580599308014e-03 0.000000000000000000e+00 0.000000000000000000e+00
2.416520379483699799e-03 0.000000000000000000e+00 0.000000000000000000e+00
2.339779166504740715e-03 0.000000000000000000e+00 0.000000000000000000e+00
2.262263558804988861e-03 0.000000000000000000e+00 0.000000000000000000e+00
2.135507296770811081e-03 0.000000000000000000e+00 0.000000000000000000e+00
2.038867911323904991e-03 0.000000000000000000e+00 0.000000000000000000e+00
1.911097904667258263e-03 0.000000000000000000e+00 0.000000000000000000e+00
1.773892436176538467e-03 0.000000000000000000e+00 0.000000000000000000e+00
1.743464847095310688e-03 0.000000000000000000e+00 0.000000000000000000e+00
1.625484554097056389e-03 0.000000000000000000e+00 0.000000000000000000e+00
1.585949445143342018e-03 0.000000000000000000e+00 0.000000000000000000e+00
1.537423813715577126e-03 0.000000000000000000e+00 0.000000000000000000e+00
1.400170847773551941e-03 0.000000000000000000e+00 0.000000000000000000e+00
1.338781090453267097e-03 0.000000000000000000e+00 0.000000000000000000e+00
1.275372807867825031e-03 0.000000000000000000e+00 0.000000000000000000e+00
1.182689564302563667e-03 0.000000000000000000e+00 0.000000000000000000e+00
1.101500121876597404e-03 0.000000000000000000e+00 0.000000000000000000e+00
1.041893032379448414e-03 0.000000000000000000e+00 0.000000000000000000e+00
9.750959579832851887e-04 0.000000000000000000e+00 0.000000000000000000e+00
